5
10 20
0 1 1 1000000007
0 2 6 1000000007
0 2 6 1000000007
0 5 5 1000000007
1 2 3 10
0 3 7 1000000007
0 4 6 1000000007
1 2 2 8
1 2 5 4
0 3 6 1000000007
1 5 6 1
1 3 5 10
0 1 4 1000000007
1 1 5 6
0 4 5 1000000007
0 3 3 1000000007
1 1 5 8
0 1 2 1000000007
1 3 5 6
0 1 10 1000000007
10 20
0 3 7 1000000007
0 5 5 1000000007
0 2 2 1000000007
1 4 6 4
1 5 9 3
1 2 2 10
0 4 6 1000000007
1 2 6 7
1 1 1 1
1 1 2 2
1 2 3 7
1 1 1 3
1 2 2 9
1 3 3 6
1 5 8 5
1 5 7 4
0 3 6 1000000007
0 2 5 1000000007
1 5 6 1
0 1 10 1000000007
10 20
0 2 4 1000000007
0 5 6 1000000007
0 2 4 1000000007
1 3 5 3
0 5 7 1000000007
0 3 7 1000000007
1 3 6 3
0 5 9 1000000007
0 4 5 1000000007
0 3 6 1000000007
0 2 6 1000000007
0 4 5 1000000007
0 5 9 1000000007
1 1 3 1
1 1 5 8
1 4 6 2
1 4 4 8
1 5 5 10
0 2 5 1000000007
0 1 10 1000000007
10 20
1 1 1 5
1 2 4 3
1 5 5 1
0 2 6 1000000007
0 2 3 1000000007
0 5 8 1000000007
0 1 2 1000000007
1 5 9 9
1 5 9 3
1 5 7 1
0 5 7 1000000007
1 2 4 10
1 5 5 2
1 1 4 4
0 2 4 1000000007
1 2 2 10
1 1 4 7
1 1 4 2
0 3 6 1000000007
0 1 10 1000000007
10 20
1 2 5 5
0 5 6 1000000007
0 2 4 1000000007
1 5 7 7
0 1 3 1000000007
1 2 5 7
1 4 6 1
1 2 3 1
1 5 5 4
1 4 6 3
0 2 6 1000000007
1 5 6 10
1 5 7 7
0 1 3 1000000007
0 2 4 1000000007
1 4 8 1
1 5 8 1
0 3 5 1000000007
1 3 3 1
0 1 10 1000000007
