70 500
57 90 30 95 38 96 69 44 71 41 89 15 71 93 82 26 44 86 92 85 65 64 6 28 46 92 33 27 33 30 86 91 72 17 86 63 65 55 7 36 48 48 3 19 41 37 97 37 24 42 75 41 6 81 69 5 25 54 84 59 84 71 2 9 40 88 72 5 95 79 
93 43 28 49 14 21 86 64 59 10 58 34 4 64 67 73 21 45 28 6 56 64 77 58 73 69 46 45 74 93 77 19 88 57 68 54 30 7 70 89 69 28 75 73 45 95 99 66 40 79 72 96 43 1 54 69 70 52 66 96 97 43 16 85 52 36 91 83 43 62 
24 13 90 52 86 35 47 85 54 39 64 26 87 60 28 41 29 50 45 95 99 42 91 15 79 43 3 70 78 47 84 3 12 75 7 50 62 6 36 16 45 52 95 32 64 75 25 93 25 70 41 24 64 32 91 43 27 47 65 58 46 50 13 58 77 20 8 39 26 96 
8 71 49 3 55 13 78 80 59 55 2 0 32 18 84 75 13 63 22 78 21 68 28 34 26 57 6 87 97 32 83 57 55 84 60 10 50 90 42 61 45 96 61 29 14 97 5 27 12 27 6 34 48 86 20 26 96 27 13 45 59 49 2 67 33 14 77 35 4 72 
96 1 68 9 31 35 6 88 62 19 67 20 5 15 59 25 42 55 4 7 0 16 56 2 83 90 16 12 77 72 84 74 25 5 83 8 40 42 96 2 13 64 75 70 31 34 47 73 89 52 81 41 68 89 95 3 31 63 15 9 35 52 83 60 57 18 69 49 12 17 
3 77 81 78 47 13 64 47 38 5 99 71 46 19 61 41 22 92 4 89 1 91 93 36 4 2 7 25 51 19 42 7 49 76 85 48 41 2 95 79 7 94 3 54 65 16 47 39 8 4 29 62 95 22 50 51 25 57 76 28 29 19 35 30 47 73 78 88 75 74 
19 82 68 22 88 86 38 88 25 99 92 54 13 39 29 63 91 6 73 19 86 54 38 22 84 85 95 62 25 22 36 45 4 57 67 45 43 58 33 20 57 77 27 70 68 56 85 59 14 58 79 0 64 69 74 48 7 69 63 32 43 51 77 0 60 97 45 3 55 30 
76 64 7 3 86 75 11 71 87 25 82 18 77 46 87 52 47 46 73 10 79 17 61 8 17 74 5 62 77 12 44 5 76 51 8 62 78 19 86 17 96 20 35 74 66 75 26 65 21 99 75 52 68 89 61 85 63 66 99 92 79 43 98 7 46 58 22 77 78 8 
94 74 28 82 0 46 57 26 12 30 78 39 83 46 80 96 84 95 62 83 40 93 27 38 53 25 48 75 2 26 35 97 53 15 79 53 13 88 32 77 70 10 17 53 8 49 1 92 45 16 76 85 9 55 75 14 80 23 89 35 2 24 32 55 91 63 60 5 3 44 
82 73 54 99 79 15 1 80 7 46 96 35 83 58 42 58 24 23 33 14 58 35 90 42 42 82 57 55 87 12 99 69 85 6 21 16 21 22 49 80 20 97 16 3 7 10 13 32 33 98 46 43 34 88 37 28 70 46 83 9 58 35 31 96 41 52 12 62 26 61 
94 98 11 10 1 18 21 66 50 6 16 48 2 2 37 91 31 59 38 66 69 96 1 52 92 42 4 57 56 82 70 51 80 81 13 33 0 86 51 50 45 67 99 47 70 88 38 1 99 76 19 68 25 21 20 69 15 76 26 72 58 97 75 90 78 88 23 78 27 74 
81 72 42 32 71 12 20 9 65 19 38 84 40 15 5 12 84 73 41 11 97 51 8 72 42 38 12 65 17 39 92 50 63 34 82 34 46 54 96 63 25 86 47 17 1 5 30 85 78 23 96 75 74 56 99 68 95 63 34 64 55 78 14 18 12 96 53 10 2 1 
73 27 87 20 45 88 25 27 25 55 50 74 82 76 30 81 45 77 45 31 41 0 9 55 70 73 3 75 83 57 76 56 85 63 28 82 3 6 61 29 61 63 3 96 39 85 77 36 63 74 19 4 26 80 12 49 53 67 24 88 25 1 96 62 16 25 96 72 83 57 
1 96 20 56 92 11 41 22 0 56 48 19 13 75 52 77 24 5 44 0 94 21 1 42 35 70 67 31 42 50 40 95 99 12 51 91 24 44 13 24 1 62 95 14 89 47 91 65 5 87 65 99 61 19 41 96 41 61 80 83 63 72 30 62 85 81 6 61 77 19 
85 78 33 32 44 74 80 87 39 85 75 57 36 88 28 29 36 69 42 16 4 58 41 34 72 26 67 78 39 44 50 76 75 35 8 19 10 40 59 1 77 34 10 65 74 38 47 10 7 89 79 11 99 20 97 72 98 64 2 37 9 52 13 84 40 21 55 50 14 14 
3 91 0 14 57 74 52 4 85 12 45 64 75 45 36 73 69 34 37 23 71 98 76 84 82 68 57 90 70 71 4 73 63 57 87 72 31 92 28 68 4 73 84 79 70 20 4 91 54 42 15 25 40 43 61 75 11 19 17 81 42 21 6 5 30 94 29 14 38 57 
82 42 31 67 73 53 39 78 97 94 72 12 71 64 55 33 39 18 4 56 51 46 30 57 4 60 3 33 26 41 91 9 35 74 28 9 79 67 87 76 13 11 40 85 75 95 70 15 65 74 23 68 72 5 26 76 18 29 62 44 23 5 53 58 31 33 67 10 53 6 
39 66 69 79 51 45 27 21 12 44 47 35 13 72 93 39 0 11 20 62 55 95 19 61 54 50 46 73 13 99 32 4 66 1 35 69 46 62 43 58 7 90 46 72 62 39 11 63 2 83 77 57 79 97 70 85 99 17 58 64 16 42 68 34 44 4 4 42 18 47 
53 77 89 99 49 4 90 12 67 92 96 96 1 27 45 72 64 45 41 74 61 9 17 82 44 13 38 0 55 56 47 60 86 88 59 35 92 1 48 11 93 96 8 95 75 5 19 39 50 60 13 64 69 82 46 65 95 84 65 3 92 64 63 78 5 75 66 97 76 66 
61 70 62 21 17 89 26 36 80 77 48 93 93 69 28 39 87 23 75 52 78 19 69 42 98 26 17 64 75 45 30 36 15 44 57 84 85 84 72 65 13 20 10 6 90 38 97 77 14 24 81 92 43 2 86 93 80 55 9 56 1 91 92 68 87 50 53 72 86 25 
37 99 98 0 57 40 90 6 69 4 30 2 49 73 5 87 19 85 43 28 93 96 20 86 64 7 88 69 32 74 95 21 25 45 21 82 85 12 88 54 68 70 56 69 95 13 57 14 51 52 43 44 48 15 30 12 74 70 34 6 44 81 28 21 26 1 55 11 65 95 
65 86 65 21 55 61 87 12 27 38 64 22 82 64 89 65 77 64 35 11 22 32 92 2 5 70 4 61 81 21 56 46 7 74 19 63 87 6 27 14 96 44 37 79 8 26 96 37 42 83 0 65 15 44 67 73 14 23 34 47 45 42 93 4 16 65 67 3 23 47 
18 20 43 7 51 3 85 47 41 28 30 93 45 98 90 64 23 4 88 57 4 85 99 49 89 16 14 9 19 90 56 89 10 51 96 13 54 34 12 47 62 42 93 59 92 83 23 15 39 11 24 43 96 24 93 38 92 7 47 63 49 55 53 11 6 1 24 12 35 36 
60 49 31 53 8 75 36 84 43 27 47 67 71 44 43 64 34 35 23 81 51 73 36 56 84 94 57 61 6 45 97 18 46 80 23 7 56 11 91 99 39 38 18 10 34 62 26 68 49 1 1 0 74 89 56 11 35 66 24 94 11 73 12 9 54 88 16 10 99 59 
61 90 50 79 52 84 93 78 5 43 80 58 95 6 48 52 69 35 18 93 29 81 67 94 42 21 82 11 83 33 70 96 24 20 27 76 57 21 7 14 16 87 72 11 45 72 15 15 8 85 8 37 18 27 31 61 48 65 72 83 99 94 31 75 15 59 51 24 32 58 
90 48 97 62 11 95 87 27 10 47 12 70 84 31 98 68 44 98 85 16 34 84 10 65 59 77 24 63 53 56 73 43 56 23 58 68 18 45 95 80 92 59 50 28 90 0 48 86 51 86 2 85 70 65 50 82 94 27 97 48 35 70 43 92 45 1 60 63 46 7 
43 90 66 46 71 9 46 71 95 97 57 50 34 80 67 37 62 61 64 11 61 99 33 5 43 79 6 3 42 5 62 38 95 29 84 18 38 82 90 85 32 47 35 66 27 2 3 41 16 19 52 77 71 86 82 14 65 41 70 59 46 32 49 93 61 85 12 51 68 54 
37 52 1 24 70 81 79 26 22 95 45 75 24 16 13 59 31 30 0 53 89 98 85 39 91 99 24 55 50 44 61 39 48 63 64 19 44 43 45 18 90 90 45 14 59 58 73 42 88 73 95 30 23 80 21 67 79 97 74 82 42 36 21 90 99 85 61 95 80 6 
65 70 49 11 85 8 69 10 50 10 36 45 40 59 77 61 26 57 58 1 39 52 37 60 95 88 98 56 35 78 63 0 1 64 11 38 72 33 48 74 43 84 19 35 44 96 96 70 5 6 23 44 59 60 57 6 0 7 62 35 85 77 36 38 41 99 76 65 32 25 
39 75 9 10 10 53 7 58 76 64 65 99 9 76 12 18 34 12 25 96 0 62 26 36 1 19 87 77 85 20 54 76 95 64 87 58 69 46 16 97 10 33 49 71 61 61 89 95 25 66 44 77 29 70 65 82 89 53 11 26 73 66 3 20 82 42 78 51 88 47 
1 98 32 50 22 94 63 11 89 40 78 33 18 59 55 83 41 97 36 52 23 61 70 78 82 52 72 12 56 60 59 57 11 44 7 33 38 22 96 79 62 26 65 32 85 20 16 78 17 4 83 93 18 53 23 0 6 96 64 62 8 76 71 71 20 78 56 58 52 53 
89 14 31 54 47 17 27 15 47 96 71 30 89 89 36 65 41 94 13 6 8 73 82 79 45 54 9 1 64 61 6 53 27 38 8 74 7 35 41 54 31 13 37 73 54 73 90 96 19 55 2 27 28 36 6 73 90 67 27 54 28 33 59 55 71 67 82 78 54 75 
85 38 40 22 63 95 47 5 91 66 60 93 45 40 81 51 66 23 18 93 77 98 78 36 5 50 56 39 80 62 15 65 52 7 39 67 2 86 72 93 4 84 38 49 25 19 52 91 94 22 36 71 20 14 60 78 16 68 17 97 82 84 62 35 92 2 2 46 40 27 
40 45 11 30 46 36 2 99 79 96 21 67 20 94 82 80 72 98 0 41 47 82 78 62 69 22 16 72 68 56 99 60 53 62 91 0 51 93 51 30 89 24 98 9 18 32 41 42 82 41 84 82 76 62 44 45 36 60 69 4 68 68 65 74 83 56 26 34 49 77 
64 90 1 14 0 20 98 41 62 33 35 98 15 11 12 59 56 48 71 78 5 39 98 22 13 81 30 39 15 79 68 32 21 22 98 21 94 97 15 8 30 50 7 45 61 71 56 69 72 27 47 77 66 46 99 32 27 29 23 95 60 44 27 81 66 25 55 60 74 70 
68 4 20 27 1 33 99 57 2 71 84 2 0 3 0 51 87 79 80 10 74 92 6 1 25 72 79 80 84 53 2 5 10 22 32 11 55 83 21 10 6 57 12 6 60 12 57 47 43 89 10 18 33 16 71 59 41 50 91 25 56 94 30 18 68 15 81 24 98 2 
86 5 60 50 63 20 14 21 20 57 62 82 75 96 98 47 7 91 49 98 17 57 44 99 75 13 14 57 89 13 59 75 70 71 77 33 44 91 6 64 48 69 98 76 17 96 75 24 40 24 74 57 82 71 8 9 84 23 66 25 88 26 0 58 49 29 91 93 20 50 
57 20 19 55 96 88 4 71 12 96 48 38 5 82 9 13 91 45 36 58 70 24 36 22 82 85 51 26 79 23 28 88 44 47 96 92 87 52 64 51 48 64 89 53 46 51 66 37 96 55 47 67 79 83 89 14 21 93 92 52 16 20 40 60 19 88 5 6 92 69 
57 40 85 98 45 31 49 64 20 98 71 68 17 50 3 6 16 24 51 60 76 68 80 69 80 51 9 85 9 2 6 18 94 43 69 40 74 70 56 47 68 27 67 85 29 70 44 98 47 95 58 75 15 91 44 48 94 54 85 4 56 44 74 50 87 43 42 14 14 50 
61 82 29 28 20 59 50 64 57 97 11 67 73 79 58 69 27 53 23 64 9 31 8 83 34 48 79 28 62 93 79 75 27 8 55 47 19 57 63 28 55 75 96 80 6 6 49 33 11 25 49 72 8 58 56 42 58 35 71 72 80 2 99 7 10 54 7 82 63 70 
10 70 97 58 50 3 65 52 88 28 29 90 1 37 0 9 32 58 96 55 30 76 57 29 35 19 35 42 1 98 65 64 69 14 22 71 70 39 75 10 68 4 0 69 42 0 78 26 58 74 81 40 2 38 69 37 57 56 32 11 55 49 75 76 63 49 99 85 89 75 
96 57 79 96 78 73 97 8 99 7 34 80 48 36 70 17 25 80 74 57 91 81 58 18 9 74 67 8 59 56 83 55 65 15 52 43 40 1 51 40 8 85 72 56 73 43 26 99 75 52 8 66 33 67 84 94 41 51 2 0 60 38 8 25 5 60 21 45 61 72 
37 21 10 10 78 35 5 4 34 80 56 95 98 41 14 82 35 7 85 89 59 97 27 67 23 84 79 96 30 92 20 67 14 30 77 92 18 34 48 52 66 4 99 64 45 13 98 32 72 36 21 32 33 1 51 8 85 31 4 15 23 25 35 37 7 12 81 25 99 29 
30 65 85 81 82 30 47 32 14 19 68 36 3 54 89 55 14 74 38 19 42 13 96 77 51 55 41 84 33 92 14 15 10 51 96 92 34 95 76 48 15 45 36 70 51 25 25 65 52 15 36 46 29 84 23 32 92 16 16 25 9 82 92 19 34 88 63 68 84 39 
16 51 36 5 21 87 30 99 5 34 14 41 80 43 78 55 75 70 72 44 47 33 26 39 52 12 79 67 80 15 58 49 66 95 54 40 34 36 39 91 71 5 33 3 49 63 59 76 33 31 20 80 64 99 71 68 11 50 87 44 66 45 93 84 92 99 24 27 87 15 
70 58 21 55 62 22 18 73 98 3 4 71 83 20 70 6 40 81 57 27 25 23 24 70 59 17 69 84 96 9 51 66 67 72 22 81 46 40 54 45 44 10 16 79 82 86 86 22 19 95 1 97 70 26 67 29 95 89 65 91 98 17 57 17 41 31 51 88 24 57 
33 68 68 1 99 2 39 37 77 58 84 30 55 54 56 75 84 51 64 1 94 14 18 4 31 60 35 82 0 59 40 85 79 60 86 31 14 77 20 91 35 5 22 43 59 30 18 95 34 34 97 28 48 67 32 31 79 20 14 79 31 6 64 11 18 2 94 32 79 14 
24 67 19 98 10 31 28 80 26 62 14 75 91 62 43 75 45 22 95 11 54 27 17 18 90 35 73 84 20 52 50 44 71 70 42 81 53 22 61 79 85 27 7 28 41 50 3 87 24 51 98 78 30 68 49 72 3 22 56 75 26 6 19 98 28 13 31 81 36 45 
13 73 72 20 1 14 22 56 1 46 59 51 77 89 19 26 61 75 0 69 50 78 28 22 28 8 35 60 42 23 5 55 48 29 27 1 43 1 58 96 99 69 0 76 11 19 54 72 94 6 94 97 85 74 19 65 82 6 25 24 82 82 31 30 64 10 32 59 11 42 
8 11 63 8 39 74 79 46 47 74 52 93 23 89 67 42 7 49 48 32 26 30 67 57 13 83 68 97 42 31 39 50 94 2 58 34 29 38 32 76 64 84 21 39 26 88 81 33 89 29 17 67 12 36 77 25 19 97 22 62 28 13 64 23 67 23 9 96 13 41 
24 29 77 97 68 3 37 1 88 79 82 58 46 94 94 23 71 66 20 45 28 49 10 44 24 30 19 33 78 84 26 55 13 3 52 33 59 90 34 47 69 17 57 67 63 52 91 87 70 11 84 50 12 95 94 88 25 14 73 55 98 99 10 64 55 15 97 14 5 84 
13 26 53 71 93 68 75 36 55 45 0 40 95 64 87 41 53 64 55 26 19 54 78 82 18 33 97 67 99 54 3 64 32 8 87 77 77 14 14 84 11 14 24 58 78 63 0 83 27 55 10 99 61 40 81 31 73 78 51 24 84 54 88 16 63 28 93 92 42 7 
76 54 73 53 12 4 16 12 87 96 20 49 95 81 89 76 65 14 6 16 38 90 22 79 58 37 7 51 29 49 11 6 55 84 59 68 88 75 32 28 23 52 77 18 86 19 46 51 33 4 19 24 46 41 3 4 79 10 56 60 11 67 66 67 3 25 87 44 53 19 
24 76 24 1 47 10 72 45 13 6 50 84 30 96 25 85 53 56 95 61 17 58 80 35 77 83 61 64 79 66 36 3 94 60 57 93 70 29 39 35 35 89 19 17 37 96 2 42 5 49 3 22 8 83 9 37 19 22 54 98 88 90 54 35 50 11 28 72 40 67 
7 28 8 26 97 98 22 0 40 27 49 44 1 9 79 11 99 98 33 53 49 74 43 3 9 93 14 89 17 6 9 24 86 17 50 84 67 24 84 60 52 85 56 5 47 35 16 46 34 2 99 83 28 94 38 89 39 52 78 56 10 87 80 97 57 30 81 76 6 17 
36 58 2 92 64 49 28 32 95 14 86 46 49 14 40 87 3 79 91 34 35 1 73 15 98 30 97 31 59 4 48 95 14 51 40 30 52 20 15 0 34 1 46 35 16 39 74 71 18 65 5 6 66 31 73 17 61 71 48 72 27 97 68 93 0 8 24 52 28 39 
52 14 92 51 1 60 90 75 84 8 40 89 66 58 20 40 27 34 63 28 6 42 25 26 35 77 86 11 81 66 2 34 80 95 37 81 7 27 56 91 87 48 81 54 59 53 94 86 39 9 14 98 51 91 76 86 68 63 98 50 29 52 36 62 47 73 95 55 52 52 
98 39 52 79 45 11 85 91 50 76 0 64 26 51 8 3 38 28 18 88 30 47 92 18 61 92 43 57 99 95 61 97 87 13 29 32 77 14 24 27 42 76 43 69 28 3 24 18 32 42 58 62 41 50 81 3 42 24 60 41 72 73 39 59 86 68 43 15 34 19 
94 28 96 90 49 76 93 73 94 25 67 52 40 9 54 73 64 97 97 76 38 21 49 29 80 87 49 24 3 83 95 97 64 91 39 13 67 33 87 13 10 6 65 2 67 20 75 31 69 25 7 59 46 56 89 79 44 38 55 99 74 50 48 38 94 88 51 13 73 90 
27 35 49 44 38 16 16 65 48 85 42 7 45 89 16 86 20 12 76 75 11 2 77 11 40 71 99 44 37 24 86 64 60 87 8 50 4 25 15 4 10 58 11 7 99 27 45 19 91 22 46 54 24 23 66 17 47 17 13 84 42 51 48 54 39 8 4 43 85 71 
47 48 81 10 55 80 38 1 51 81 75 49 36 99 73 2 68 72 19 81 8 13 33 8 19 72 16 23 15 2 47 14 2 28 24 57 61 14 10 64 96 85 14 32 37 39 86 5 11 5 39 71 71 72 79 90 96 95 66 11 49 13 77 51 93 1 61 6 68 23 
71 64 61 37 48 98 76 34 55 39 91 94 10 62 18 41 53 14 36 71 77 38 84 54 41 29 8 54 36 76 78 59 92 39 96 40 89 24 74 44 63 65 91 25 80 9 66 85 24 54 56 53 44 92 8 86 21 68 40 9 44 70 20 88 9 16 28 98 40 54 
95 55 71 86 32 51 47 98 88 23 5 44 77 49 88 85 87 62 5 80 71 1 50 92 89 12 60 17 62 53 23 9 8 94 95 93 98 95 91 86 18 48 83 95 98 71 32 37 33 37 17 57 38 20 1 79 84 13 48 46 66 71 56 27 66 3 20 16 50 11 
2 69 12 37 64 62 9 49 99 94 86 69 3 77 89 56 56 25 70 5 71 36 28 79 63 46 35 83 62 85 47 17 6 59 54 71 21 15 20 72 10 58 41 65 35 82 22 44 7 44 1 31 80 29 62 96 76 49 79 38 35 78 7 93 89 62 64 10 77 36 
35 39 95 28 5 82 11 79 78 70 23 31 53 55 61 16 51 89 65 83 79 52 61 87 46 51 1 62 13 78 51 48 18 46 77 75 80 40 54 11 62 29 42 16 84 55 84 36 96 49 19 28 54 32 15 52 83 16 66 49 46 17 97 64 15 26 91 96 18 97 
59 81 26 53 97 11 61 81 99 57 82 70 85 88 2 52 92 86 20 59 35 67 76 84 83 92 63 27 40 81 24 51 62 51 4 11 14 65 44 13 75 79 83 60 19 85 65 12 23 37 71 10 4 99 95 40 43 58 67 83 91 91 86 6 94 91 17 8 8 14 
21 83 93 56 96 12 42 61 76 17 98 99 28 55 51 23 47 94 33 14 30 24 57 16 30 52 59 0 12 68 14 34 51 59 42 47 23 36 60 0 54 11 51 82 66 2 57 13 97 90 79 27 66 88 95 49 92 55 1 5 23 15 91 26 26 33 26 49 70 38 
1 24 49 53 58 67 55 15 32 4 57 11 83 75 52 79 24 44 86 25 1 9 92 92 87 18 78 65 68 0 4 69 76 53 74 34 21 82 1 5 86 58 69 70 33 21 1 10 17 87 35 19 48 28 63 87 98 41 53 66 93 57 88 69 62 14 3 83 96 4 
89 83 14 58 5 48 31 58 58 48 97 45 19 45 25 83 84 24 76 37 42 70 94 82 39 57 97 95 92 93 51 33 28 66 43 85 66 74 43 76 75 92 21 94 89 99 29 74 23 6 11 65 76 6 48 15 15 45 62 7 90 14 93 19 32 36 56 98 63 52 
26 38 44 47 84 34 98 14 60 21 20 71 39 48 29 39 63 44 84 78 4 26 92 97 97 24 33 54 74 48 6 0 86 2 99 71 36 98 37 48 71 57 20 10 5 1 49 20 46 85 98 2 12 42 51 9 18 84 15 92 85 21 44 71 76 44 94 64 94 31 
R 66 11
R 29 68
A 8 51
C 34 61
A 58 26
R 39 4
A 57 49
C 40 3
A 26 39
A 21 25
A 54 21
R 59 49
A 65 68
A 30 43
R 6 42
R 44 11
R 20 67
C 59 36
R 31 62
C 58 24
C 29 7
C 22 7
R 24 1
R 7 42
C 50 48
R 60 33
R 3 52
R 65 40
A 1 70
C 57 70
A 68 40
C 41 3
R 4 26
A 35 44
A 50 23
R 24 12
R 33 15
R 37 21
R 19 21
A 4 7
C 12 5
R 38 45
R 70 49
C 45 25
R 61 4
C 66 39
C 21 1
C 51 50
C 50 68
R 48 2
C 70 13
A 48 51
A 29 62
R 59 36
A 50 26
C 6 21
A 56 53
R 61 45
A 17 24
A 62 14
R 56 13
A 66 60
R 51 30
C 37 18
A 48 10
C 3 15
A 67 70
A 4 61
R 1 7
A 66 10
R 62 8
A 25 3
R 25 65
C 29 44
R 11 21
A 18 23
C 57 32
R 33 47
C 42 47
C 16 43
A 3 46
A 14 70
C 14 37
A 56 7
R 58 17
C 68 46
C 23 45
A 60 7
R 16 48
C 61 63
C 45 7
R 48 32
A 65 46
A 7 43
C 62 42
R 9 52
A 49 16
R 61 5
A 50 33
R 15 23
C 34 9
C 28 68
R 34 62
C 18 69
A 21 2
R 40 11
C 34 1
A 15 61
R 60 40
R 24 54
A 63 17
A 39 57
A 58 32
C 52 62
R 42 12
A 4 63
C 17 26
C 58 52
A 45 41
R 64 65
A 47 69
C 38 49
R 50 36
A 53 29
R 67 1
R 24 4
R 61 21
R 28 20
R 67 64
A 18 57
C 35 33
C 68 12
R 29 61
A 33 55
C 29 63
A 47 16
A 58 6
R 36 45
C 65 54
C 65 1
R 13 35
R 30 44
C 25 14
C 55 59
R 44 17
C 33 63
R 38 50
A 62 27
C 36 22
A 14 28
C 37 41
C 33 70
C 41 24
R 50 20
A 44 64
A 31 38
C 45 17
R 64 9
R 70 56
C 47 69
R 49 47
A 15 22
A 36 62
R 13 53
C 48 27
C 29 69
R 15 43
A 62 36
A 65 48
C 20 24
A 2 14
R 36 28
R 11 6
R 9 18
A 26 66
R 49 36
R 51 50
C 69 41
R 26 36
R 61 55
A 25 68
A 36 45
C 9 55
C 56 63
A 15 30
C 12 20
R 7 12
R 56 11
C 70 48
R 4 38
C 31 63
R 13 40
A 35 60
C 62 45
A 49 1
R 42 12
C 1 18
C 22 3
C 13 15
R 39 18
C 3 60
A 34 14
A 39 49
A 40 52
C 45 30
C 21 14
C 29 26
C 49 59
R 8 1
A 39 51
C 37 53
C 39 28
C 10 8
A 52 59
R 11 45
R 29 8
C 12 36
R 12 14
C 27 34
A 56 2
R 44 38
C 33 6
C 48 27
C 52 20
R 26 31
C 54 1
R 36 12
R 44 23
A 41 50
C 50 35
C 51 21
A 35 65
R 59 42
C 32 36
C 51 3
A 57 56
R 12 34
C 61 7
C 53 59
C 20 50
C 58 43
C 5 19
R 27 19
C 17 50
R 38 43
A 8 41
C 59 53
A 52 43
C 9 37
R 15 68
C 67 67
A 12 1
R 21 39
A 13 67
A 41 34
R 1 41
R 40 42
A 31 35
C 52 43
A 61 69
C 62 7
C 35 18
C 39 50
A 49 63
R 50 45
C 24 57
A 38 26
C 34 68
R 2 49
A 18 52
R 43 43
R 52 20
R 3 58
C 62 48
A 47 27
R 65 50
C 66 17
R 38 62
C 44 63
C 22 22
A 10 64
A 17 45
R 29 59
C 32 50
C 40 26
R 21 33
A 1 28
A 18 66
C 20 39
R 13 3
R 69 24
C 16 40
C 5 10
A 52 54
C 5 35
C 67 67
A 51 67
A 51 14
R 54 46
R 62 70
R 22 69
C 57 26
R 8 30
A 18 11
C 8 28
A 35 24
R 24 16
C 40 66
R 64 62
A 56 65
R 50 28
A 9 14
C 20 34
R 41 51
C 56 70
R 48 34
C 24 57
C 8 39
A 18 32
A 15 17
C 24 8
A 30 28
C 62 60
R 7 42
R 32 39
A 27 16
C 57 39
C 20 59
A 3 6
A 47 33
A 28 56
A 36 15
R 57 18
C 54 24
A 31 68
R 65 36
C 17 22
R 26 53
R 14 56
R 46 44
R 23 13
R 20 48
R 44 47
A 69 30
R 65 60
A 17 66
A 67 13
R 16 50
R 22 5
C 58 50
A 44 15
R 39 46
R 49 31
A 18 29
A 10 23
C 12 51
C 60 48
A 48 5
C 30 38
R 9 26
R 43 11
C 20 50
C 45 28
C 45 45
R 17 66
R 47 7
C 15 67
C 65 56
R 48 27
C 24 47
C 3 19
C 66 51
R 46 25
R 56 11
C 36 27
A 50 16
R 56 42
C 40 49
A 39 26
R 6 61
A 68 63
C 13 70
C 64 45
R 27 42
C 21 19
A 35 10
A 44 66
A 2 47
C 28 27
A 9 33
C 37 42
A 37 66
R 17 60
C 21 28
A 47 60
A 30 25
C 40 10
A 34 11
C 5 38
C 14 59
C 2 37
A 64 3
R 55 31
C 33 51
C 65 27
R 45 69
A 46 38
R 43 13
A 15 30
A 26 43
C 69 44
R 38 49
A 60 46
A 25 20
R 5 14
R 56 70
R 62 46
C 64 18
R 31 32
C 36 70
A 28 68
R 69 35
C 41 36
A 44 60
C 38 6
R 59 62
R 8 53
C 19 58
R 42 19
A 24 66
C 48 23
R 58 33
A 47 4
A 22 59
C 17 26
A 38 15
C 46 34
A 41 52
A 65 23
R 50 58
A 35 36
C 29 23
R 11 11
C 17 45
C 37 61
A 50 28
C 8 15
C 30 67
C 27 61
A 67 53
A 31 17
C 30 57
C 62 67
A 26 26
C 61 62
C 51 53
R 67 2
R 46 31
C 19 69
R 27 65
C 34 38
C 64 67
C 70 58
R 5 26
C 8 16
A 2 8
R 23 4
R 12 49
R 56 10
R 45 48
C 3 11
C 2 16
C 56 15
C 37 32
C 55 39
A 6 40
R 9 4
C 13 16
A 47 1
C 10 57
C 49 60
R 43 61
R 45 46
C 47 25
C 62 21
R 34 27
C 13 47
A 7 60
C 50 36
C 43 57
A 26 35
C 6 19
A 14 64
A 36 40
A 19 44
R 40 7
C 43 32
A 50 50
C 1 41
R 35 14
