100
7674 10598
7465 12415
823 9831
4554 7980
5605 10964
1795 10485
6215 16171
6549 14103
221 7752
6919 15334
7928 13652
9763 11078
6617 9902
92 9976
8504 12569
955 7131
3342 11760
7479 7995
3779 5810
295 6029
7391 9479
4425 14382
2046 9370
3864 6129
4857 5638
7033 16168
6506 13301
451 9924
6433 13326
9358 14293
7311 7622
1112 1764
8731 17320
7521 10029
6974 14788
4596 5311
9904 15275
673 8973
2697 7232
6918 10822
5317 9266
3040 11214
7097 16938
7648 11177
6735 13740
8465 12509
3669 9597
1049 3447
870 9438
1260 9102
6384 12238
8559 11197
1226 10456
939 1212
119 7974
4178 5964
8157 11725
9961 11566
3410 11018
5135 5278
966 10916
541 5174
2231 10171
3385 6485
2862 3857
943 6539
3202 12702
8235 9013
5084 10608
1053 6254
3380 4961
6988 14875
5151 8451
9493 14404
909 1887
5056 13281
930 2877
2859 6018
6240 8834
6260 15360
3590 7144
4697 7839
9407 12337
3922 4763
8455 9780
6043 14228
9259 18641
6074 10482
2683 4600
9321 19263
2897 3624
8168 8345
9027 16404
3337 8602
6325 12273
4367 14280
5855 11269
9409 14669
8346 11675
6103 9254
