6

29 16
-9 1 9
7 17 1
-2 -7 9
10 5 5
12 14 2
-3 13 4
6 3 3
12 0 3
7 12 9
7 10 2
4 0 9
10 -5 8
15 13 8
2 15 1
4 8 7
-3 -1 6

23 18
7 11 3
15 8 10
15 1 1
9 12 4
9 5 10
2 11 7
1 -8 7
-5 15 3
-9 9 4
9 -3 2
6 -3 5
1 13 5
15 -1 1
12 15 5
-2 0 9
0 1 2
10 3 6
4 19 7

35 15
15 7 4
-3 0 9
8 3 5
6 2 10
15 6 5
-3 9 10
-1 3 2
6 4 10
10 11 3
0 4 9
15 -3 6
3 6 7
3 -1 8
5 15 4
18 2 5

37 12
14 0 6
7 3 10
0 6 8
3 7 7
16 7 3
4 -2 7
15 17 10
10 17 10
12 11 9
3 -4 8
-4 -3 1
-4 2 6

38 16
2 0 7
9 11 7
10 8 9
7 1 9
4 11 10
17 3 3
2 -3 5
5 7 4
6 3 8
-1 14 5
14 11 4
11 -1 3
14 14 4
10 13 9
-5 0 1
-9 -6 1

28 15
6 6 8
6 4 8
14 2 5
6 7 1
11 -7 8
8 5 1
7 2 5
-1 6 5
8 16 2
-4 -1 8
-9 9 10
7 -5 6
12 -1 8
7 18 8
13 0 3
