3
145
Q 1233 9420
Q 3659 10345
Q 162 3038
R 3
-216 3043 7873 -101 12243 6307
R 3
1460 7000 3087 -1659 10089 8922
R 3
5571 1417 13223 -106 15055 9231
R 3
5032 -3267 6282 -8763 13749 -1294
Q 1478 9627
Q 91 7738
R 3
1621 5925 7956 3665 13722 7097
R 3
5183 2788 6409 -408 10435 11421
R 3
1440 3007 6961 -5096 11389 8618
Q 3464 3497
R 3
4846 -1448 7145 -11161 12816 622
R 3
2450 -2089 11386 -2837 14462 -1525
Q 768 1286
Q 6289 14910
Q 8253 8976
R 3
3562 -1000 12673 -7006 13341 4176
R 3
2723 1253 7403 -3049 15185 6681
Q 4699 11357
Q 1569 5052
R 3
4347 3756 7078 -5344 8861 7503
R 3
6618 -359 13845 -3069 14193 8318
R 3
2290 -2603 9030 -6071 12940 5706
R 3
4107 -1620 9712 -6198 17279 5768
R 3
3853 6117 12417 3014 18535 15030
R 3
2832 8966 3356 6158 7575 9752
R 3
2220 6883 9359 3011 16674 7941
R 3
200 -546 5854 -1885 13630 7578
Q 5909 8059
Q 7020 15238
Q 7544 8570
R 3
4105 7054 11764 5096 16071 14937
R 3
6526 -2226 13271 -11062 23018 2210
R 3
-2832 -2916 3060 -11155 8647 6872
Q 7457 11927
Q 3201 3244
R 3
6414 2468 6423 -1769 8021 2992
Q 8344 14056
R 3
7729 -2377 10050 -10486 19844 4535
R 3
26 -1238 731 -8037 5008 3031
R 3
5232 3979 5962 -5476 14245 9404
R 3
4362 3935 12107 2952 14943 7826
R 3
8049 -1191 17822 -8638 21202 -789
Q 8533 11504
Q 4017 12271
R 3
5690 2296 10423 1217 19847 5690
R 3
-4264 -1212 3615 -4801 5369 3408
R 3
3518 6795 8304 -810 12223 15598
R 3
6333 6899 15482 6139 19338 11824
R 3
3563 3800 9776 2208 11927 8120
R 3
1216 8095 5040 4733 13126 15838
Q 3946 5696
Q 3867 11645
R 3
7135 249 10906 -8843 11188 7733
R 3
7920 -2178 9103 -5193 14433 7581
Q 9155 18628
Q 3250 11240
R 3
4311 -1177 9425 -8845 14785 8230
Q 5484 10335
R 3
-2336 8381 -1677 1991 4522 8407
Q 2311 12185
Q 1784 9592
R 3
5563 -602 10170 -7092 19773 1673
Q 5364 14353
R 3
-666 6892 735 2804 3575 11035
Q 9219 11435
Q 5445 14889
Q 9605 19526
R 3
1006 -1223 3241 -7311 8225 5566
R 3
3809 1481 10899 -3363 18483 9012
R 3
-2730 -4176 5968 -10268 12527 4126
Q 3420 3718
Q 9165 15948
R 3
1064 219 6846 -7501 15539 8665
Q 2136 5426
Q 6019 13346
Q 6542 13475
R 3
1975 8641 2998 -56 3582 13779
Q 7368 9330
R 3
-439 6362 6492 4051 7195 13548
R 3
3209 5378 12919 772 22781 13807
R 3
5480 3492 9293 2457 15912 4673
R 3
2357 2760 11383 -4672 11436 12489
Q 852 927
Q 4021 11769
Q 84 8791
R 3
-1378 -1305 2546 -5931 4886 3654
Q 9874 14183
R 3
5746 285 9862 -1507 16047 9020
Q 2613 7345
Q 362 8386
R 3
-1783 2863 -1599 915 7885 7673
R 3
1895 163 6405 -8723 8031 6412
R 3
164 -2557 7007 -8119 13411 999
R 3
7859 1423 8185 1068 12530 11233
Q 4986 5591
Q 5499 7561
Q 9 957
Q 2610 11603
Q 7003 10227
R 3
-265 -1827 5007 -10830 13958 4564
R 3
-1459 4168 -413 785 5775 5490
Q 8251 14792
R 3
-816 866 6742 -3254 15192 5167
Q 137 7586
Q 1761 4565
Q 4504 6482
Q 7573 15432
Q 3156 12061
R 3
-1657 5826 6822 -3671 13330 14861
R 3
-1566 7744 3486 1266 4534 13310
Q 205 7940
Q 8535 9787
R 3
4699 -872 13865 -2750 14625 2240
R 3
-249 1626 9149 -2299 13016 7366
R 3
-1354 6733 3775 1809 13326 10397
Q 6218 6275
Q 2392 4100
Q 1558 11496
R 3
-985 -516 2269 -3502 7167 6663
Q 640 5344
R 3
2612 6261 3203 692 11625 9381
R 3
992 448 3080 -2382 3561 3558
R 3
-1525 4933 -656 1743 4981 6441
R 3
-1804 5749 478 2674 6432 6453
Q 4094 9630
R 3
5564 454 13910 -2071 21991 1557
Q 4053 7519
Q 4923 11579
R 3
-3249 75 -2963 -3810 4097 3436
R 3
4274 8325 5533 3891 9728 9000
R 3
371 6178 7253 -3636 10475 14334
Q 3262 10553
Q 7416 8207
Q 4054 5082
R 3
2538 5821 11873 -184 13340 5942
R 3
8074 347 9868 -2871 14450 8307
R 3
-269 5522 9551 -1651 18917 5747
Q 4932 12572
R 3
1687 -4371 5135 -4793 11359 -2429
R 3
8349 5259 15923 -2517 18273 11924
Q 4757 7804
Q 1 1000000
123
R 3
3986 -294 12780 -3194 20167 2167
R 3
3806 -247 6781 -10001 9513 9069
Q 8901 17775
R 3
-2112 6961 625 6895 7534 12623
R 3
3810 -1480 5530 -3503 6453 4280
Q 5606 12180
R 3
2025 2471 7933 -7004 16383 11408
Q 8141 11371
Q 879 4176
R 3
498 9144 769 3420 8028 11438
Q 3020 12175
Q 5946 13025
Q 8626 12713
Q 404 10399
R 3
3270 3480 3319 -744 11483 6176
Q 9372 19130
R 3
-3845 4847 1677 -3047 5860 8974
Q 1263 5279
R 3
1638 -2772 9712 -6106 11198 -1351
Q 7889 13534
R 3
7026 4430 10378 1355 11518 12657
R 3
5187 -1465 8736 -8975 17513 3786
R 3
-888 4439 6140 -3054 10975 9355
R 3
4600 1098 11823 -4601 19796 5813
Q 6078 13808
Q 2013 3237
R 3
4950 63 8085 -6753 17080 5623
Q 6024 9077
Q 7292 9836
Q 5496 12998
Q 6746 7823
R 3
5277 3626 12193 -1886 13292 6902
Q 6187 10952
Q 5993 13894
Q 4988 8449
Q 1012 3878
Q 8303 10066
Q 3799 9416
Q 6896 13590
Q 7967 16805
R 3
4003 -4186 11990 -8590 14341 4919
Q 8344 11702
Q 3331 6502
Q 694 6731
Q 8997 16797
R 3
6010 4579 15697 571 20999 12061
R 3
7446 -2704 7951 -5235 9941 -501
Q 5349 13360
R 3
1484 -2799 8082 -11508 11214 -703
R 3
3197 3082 6145 1316 6469 6398
Q 2778 12626
R 3
7193 7232 10433 4679 13300 8992
Q 471 3140
Q 3421 11151
Q 5518 8079
Q 6360 6568
Q 7562 10718
R 3
-1613 695 7374 -2306 8779 7574
Q 7364 7484
R 3
147 -199 8580 -4320 13563 3066
R 3
2642 4052 8904 -3209 11732 10904
R 3
-3891 3034 -3375 -1451 3740 7265
R 3
1626 -1217 1716 -9948 3705 3856
Q 4332 13302
Q 9386 12461
R 3
2766 7077 5308 -1993 7546 13577
Q 2755 3740
Q 6986 15280
Q 7801 15284
Q 9316 16889
Q 7657 16655
Q 1989 6310
R 3
855 2936 9025 -5640 12589 3649
R 3
3221 4007 4325 2113 7169 4433
R 3
6037 1801 9055 -1449 12262 3159
Q 5 9088
R 3
5699 39 7373 -3095 8755 7515
R 3
-215 3553 230 -4704 555 10677
Q 5687 7063
Q 5057 6035
Q 2767 7669
R 3
-1050 -25 6348 -4417 15057 6859
Q 2539 6122
R 3
-500 2574 795 343 5900 11228
Q 2834 6299
Q 3812 11647
R 3
1916 5454 9219 779 13803 7149
R 3
-747 1024 6450 -7915 8515 10127
Q 9713 11047
R 3
4395 6902 9417 884 12791 6989
Q 3669 7748
R 3
6052 6882 6575 1337 10988 8809
Q 7963 8829
Q 7067 11206
R 3
-1256 -3370 701 -5008 5802 957
R 3
7523 4946 16232 4221 19609 9026
Q 253 9878
Q 2180 2730
R 3
6236 1887 15998 -518 17775 8357
R 3
1877 3588 7355 267 14566 11037
Q 2273 10448
R 3
7064 3606 9572 727 14887 11864
Q 326 2121
Q 6440 6992
Q 9262 12299
Q 3723 10697
Q 5901 8353
Q 9465 15719
R 3
2282 4918 6110 4500 11654 11254
R 3
-2827 4796 3074 4469 12720 9602
R 3
486 7458 9698 -1004 9975 12486
Q 3702 10466
R 3
1185 -593 6750 -4311 11672 5831
R 3
-3444 5310 -40 4555 6541 11397
Q 9894 11991
R 3
-4174 -1141 4261 -4742 11385 848
Q 7146 10165
Q 2711 9448
R 3
2 1991 3704 -801 12269 2801
R 3
1097 581 8524 568 15780 4845
Q 2045 9911
Q 4034 6707
Q 1 1000000
111
R 3
1183 5001 2727 439 11688 8058
Q 8106 16080
Q 3831 12810
R 3
7419 -217 17042 -4062 23480 1450
Q 1555 3607
Q 168 5624
R 3
1246 1159 1513 -8806 4416 6042
R 3
-1589 6056 6112 5062 8633 13338
R 3
-1103 -4025 -965 -6242 8961 2632
R 3
-122 -2328 9347 -4418 18464 44
Q 7188 16790
Q 5440 11251
Q 9494 12651
R 3
4143 1721 9116 -8075 13140 5263
Q 682 8249
Q 5182 12373
R 3
-796 9418 1338 6077 6325 11540
R 3
-2361 5381 5392 -229 7832 7388
R 3
4636 4431 5189 -443 7962 6518
Q 3141 5913
Q 8302 10877
Q 436 6352
R 3
-606 6851 7709 -1954 11137 7128
Q 1788 11561
Q 9943 19588
Q 4172 4371
Q 6945 9231
R 3
1668 -1543 8226 -9420 18128 -479
R 3
-1591 593 1526 -2166 9191 1307
R 3
3532 -956 11249 -4591 19185 57
Q 9898 17348
Q 9641 14532
Q 6199 8967
R 3
4682 6116 12535 2394 22223 13081
R 3
4040 1070 12653 -5801 21779 9670
R 3
-1535 738 5514 -8095 11388 10338
R 3
706 3771 4786 1246 14409 7539
R 3
-3183 5892 1932 -1613 8155 6486
R 3
3756 -1236 5292 -9429 7857 6174
Q 520 1375
Q 4381 9907
R 3
3817 6040 10414 -3062 18013 11529
R 3
4670 7859 9434 1112 10920 13766
Q 3023 3475
R 3
1034 683 8978 -8835 16899 3440
R 3
-125 6019 8937 -2280 17831 14148
R 3
3342 2448 6981 -4499 14701 5462
Q 4414 14212
Q 4330 4472
Q 2274 8286
Q 5031 14964
R 3
-854 1350 4697 -7056 9637 10898
Q 5436 7137
R 3
4024 -2957 4094 -4119 8599 5462
R 3
-2685 -350 6462 -3647 15969 1517
Q 6759 8138
R 3
5637 95 10221 -6168 10411 3707
R 3
1347 2760 4868 1410 11882 3632
R 3
2743 4098 10096 -4399 15026 4561
Q 2788 11913
Q 8289 11976
Q 9225 15527
Q 2837 3448
R 3
460 5223 4625 -161 8645 8520
R 3
-3353 -1354 993 -8425 9952 -780
Q 4437 11024
Q 4476 7897
R 3
2535 -291 4996 -1306 14492 539
R 3
-1968 6526 823 -1575 5753 7810
R 3
2799 5285 5496 -3857 13616 12458
Q 8196 12499
Q 7459 13151
R 3
1170 -120 6721 -6140 14830 8742
Q 7253 10568
R 3
1550 6423 2469 -443 3340 6484
R 3
4444 7660 7787 6917 11220 17274
Q 5324 8392
R 3
7250 2845 16341 -6559 18674 6825
Q 7051 10627
R 3
4376 -1045 6191 -7107 7505 -530
Q 4658 5916
Q 4273 5686
Q 7341 16132
R 3
5104 4953 12739 242 19144 14610
Q 6334 12538
R 3
5456 3118 7390 -3104 16048 12154
Q 9917 15840
R 3
4292 6198 8619 -3609 17126 12903
R 3
4131 7624 9102 2916 13769 15723
R 3
181 1893 1666 -5968 10830 9646
Q 7021 12456
Q 8568 16828
R 3
4661 5653 6915 1933 15853 6411
R 3
4847 6859 12358 5492 18039 13195
Q 3519 7716
R 3
-151 9104 4253 5080 10813 12755
R 3
2213 7547 6246 -1784 8226 15490
Q 8953 15256
Q 6464 10487
R 3
-880 857 6300 471 14629 3800
R 3
3362 2327 8287 -2718 12441 12177
R 3
6129 801 8134 -4337 8821 5622
Q 6725 10697
R 3
5641 5754 5652 -3354 15405 14851
R 3
6701 6407 8694 567 12998 12940
Q 3710 9078
Q 5715 12573
Q 536 2908
R 3
4814 3588 9079 1348 15036 6961
Q 1407 7207
Q 1 1000000
