10
101
292 220 17 154 320 247 97 496 453 241 483 264 392 224 387 22 44 377 327 445 407 295 277 188 415 302 109 427 100 271 281 245 491 298 399 311 46 496 159 351 90 494 116 482 219 355 5 115 84 184 60 343 479 189 383 246 491 493 173 443 264 454 188 255 105 440 418 151 288 429 354 378 424 322 361 495 29 218 110 114 402 22 309 233 211 193 479 54 38 152 497 302 459 38 409 64 478 179 67 266 108 
373
145 384 96 358 379 125 76 341 91 330 363 253 63 74 446 42 128 484 46 126 138 357 164 399 273 494 78 192 260 38 466 257 275 414 115 154 391 43 496 335 373 359 88 288 286 386 182 414 222 81 392 360 438 408 111 64 402 189 256 163 79 74 420 354 488 388 361 232 431 357 67 157 68 155 445 354 41 128 121 263 209 365 475 499 274 86 63 176 127 172 191 206 246 464 413 87 352 274 319 283 483 386 292 51 41 238 258 434 218 231 197 427 96 24 278 370 110 342 399 89 366 90 295 112 54 60 199 258 334 370 394 317 256 186 221 149 424 479 83 142 210 132 421 306 156 52 29 118 394 428 207 112 370 355 224 277 415 276 35 102 498 429 271 255 468 492 404 392 323 340 387 385 324 160 192 481 212 73 451 458 1 11 70 223 366 147 0 133 275 36 87 273 317 359 380 285 351 137 30 175 477 269 60 153 281 104 486 494 29 438 304 382 449 227 106 167 226 106 152 1 494 240 126 312 99 7 449 302 496 479 329 325 100 242 478 382 198 465 228 228 255 384 110 204 111 68 223 337 175 227 190 169 467 169 333 418 28 283 73 24 114 402 349 215 496 179 449 195 144 177 275 399 61 237 455 25 306 30 362 481 258 405 2 77 74 336 496 102 119 421 478 85 175 327 300 172 6 249 219 3 278 494 254 340 231 62 365 37 444 79 370 202 484 225 280 410 61 128 364 32 49 342 469 224 169 270 248 28 371 467 383 150 313 489 342 45 51 207 434 496 138 157 50 475 382 182 385 295 162 250 179 211 444 148 288 466 270 388 494 142 356 229 144 169 218 486 66 270 45 353 118 183 10 
120
10 244 203 248 391 365 350 422 429 294 70 69 260 193 457 106 187 165 335 331 187 406 317 253 28 214 458 146 249 468 166 260 64 221 8 455 87 210 377 16 4 300 85 265 345 394 223 32 60 411 363 247 317 32 352 345 98 311 343 347 131 361 107 48 83 467 3 170 177 233 186 34 385 123 151 82 17 374 114 429 285 329 176 454 213 381 299 311 44 142 158 175 4 118 75 439 437 431 109 467 16 147 1 401 270 4 335 139 378 449 69 16 130 97 470 343 330 122 6 374 
216
164 402 472 134 477 411 72 408 20 391 424 19 392 177 141 396 12 281 126 313 202 494 443 299 317 138 130 439 144 356 407 309 258 380 295 88 291 219 348 164 110 273 183 354 302 325 102 315 458 81 480 160 75 424 311 392 62 293 183 207 150 91 368 260 323 15 200 466 235 49 130 197 174 166 404 476 343 6 143 153 87 124 313 15 400 476 407 314 270 443 21 272 34 241 384 209 109 437 175 196 486 158 393 12 324 297 488 19 156 484 172 243 460 337 258 360 165 18 174 287 313 48 411 199 141 296 408 250 85 83 446 71 241 192 83 417 341 423 288 497 259 312 241 219 149 351 79 167 221 106 454 34 154 366 233 147 14 141 398 99 77 196 22 318 388 457 88 230 380 376 79 140 189 172 211 190 24 291 357 97 397 312 484 403 30 217 50 44 211 300 143 288 497 165 458 237 474 398 319 354 127 399 346 316 71 58 358 447 201 216 397 450 380 381 353 410 
550
255 306 161 408 301 301 405 318 112 494 292 362 166 498 489 417 345 305 340 255 16 140 308 84 37 258 464 418 463 226 220 70 32 234 478 333 35 235 151 499 82 443 362 248 441 351 17 138 9 357 245 377 497 53 461 386 163 425 304 478 3 377 49 387 111 27 220 498 115 223 498 197 18 212 445 311 415 462 302 276 171 47 153 169 453 114 55 468 391 212 447 394 441 348 281 52 375 353 50 342 76 48 39 94 112 336 258 28 150 60 304 322 459 458 343 412 424 250 381 316 314 180 210 255 28 492 307 255 197 358 98 274 258 137 220 371 326 478 251 476 390 407 298 350 217 493 114 142 244 347 458 58 27 20 314 55 364 473 163 62 183 113 336 442 102 408 165 428 239 268 405 129 175 55 331 393 49 446 387 293 293 345 351 321 217 17 228 82 343 243 144 26 356 332 468 459 240 485 387 479 253 292 461 281 200 292 26 249 90 413 42 384 258 245 57 327 115 137 409 458 381 53 484 237 385 305 48 478 290 436 309 396 80 122 177 280 415 55 29 357 468 423 241 78 21 150 405 136 288 315 94 21 368 430 110 106 235 159 436 378 95 245 126 27 368 155 308 135 210 189 492 178 465 86 256 486 236 161 122 376 328 68 397 49 350 8 7 86 19 443 316 114 188 442 493 408 449 301 43 159 343 388 189 308 474 297 294 62 310 268 291 139 188 188 188 38 48 195 476 67 138 292 33 178 86 27 87 35 180 482 46 375 370 235 35 344 32 181 259 195 449 50 334 489 90 374 28 139 421 4 58 411 297 444 89 235 323 28 123 355 11 169 231 381 257 118 226 141 300 337 336 101 387 22 91 477 396 119 468 317 475 379 228 272 323 170 360 498 198 483 353 209 4 436 91 113 55 169 107 207 6 295 308 393 318 399 222 66 370 191 384 346 70 464 470 245 134 182 95 333 165 448 394 22 237 485 487 292 6 94 351 12 390 159 257 60 411 480 126 133 23 362 479 445 327 302 42 313 484 137 498 2 437 393 24 174 230 11 318 237 458 169 101 200 181 359 260 92 191 238 225 66 101 57 11 280 359 53 93 195 42 92 197 479 337 73 154 67 85 472 156 395 494 258 95 175 469 207 267 12 445 344 78 398 401 441 178 112 494 272 308 388 216 5 367 53 79 21 472 16 346 129 263 340 387 358 15 356 417 134 368 362 478 298 113 232 239 291 344 85 415 4 473 131 10 340 36 441 214 9 
409
60 490 72 252 377 282 267 85 199 253 305 413 231 103 26 315 194 170 160 279 85 16 104 69 378 444 105 319 158 466 480 70 456 52 322 185 186 441 270 385 194 427 151 278 382 29 93 76 199 105 207 285 122 311 354 0 256 311 172 266 130 152 189 86 57 11 124 243 305 246 129 499 174 132 277 56 161 371 485 361 328 192 146 450 4 352 303 112 15 475 230 145 479 419 84 36 283 208 132 88 306 113 439 480 245 217 389 406 440 374 119 268 418 117 71 422 469 374 386 485 201 469 482 32 388 66 69 23 126 53 463 433 166 403 265 411 120 154 169 412 380 289 180 299 406 251 73 228 477 312 213 30 281 47 63 169 466 484 45 92 37 8 377 203 411 143 466 383 149 135 295 30 424 328 329 183 79 254 411 409 66 476 439 347 23 2 369 489 486 414 434 375 274 311 78 38 306 44 421 456 32 69 486 308 397 167 491 476 421 254 237 340 230 177 187 106 31 408 447 370 322 381 245 449 45 176 487 351 72 260 159 104 329 497 413 226 164 256 55 438 11 292 278 93 321 317 199 353 226 499 223 400 232 320 201 277 496 188 481 69 449 492 173 130 490 438 357 154 47 412 444 58 56 74 3 230 392 55 83 470 54 158 222 286 330 424 416 327 464 249 248 413 93 421 396 83 212 253 90 259 17 34 169 425 461 24 155 205 79 90 175 485 100 249 124 431 173 392 258 138 141 6 403 234 279 299 170 343 404 260 454 421 146 123 347 107 148 354 164 79 445 339 65 45 441 41 476 114 433 86 104 426 444 360 160 224 159 182 419 416 442 374 337 441 349 36 400 349 391 65 429 188 256 346 233 197 387 210 164 320 148 268 246 93 128 258 169 140 441 88 56 235 314 245 176 164 282 429 13 25 494 442 213 250 140 298 448 27 360 
212
347 9 232 445 454 213 204 123 353 497 63 261 232 378 6 261 42 140 190 55 17 36 350 230 286 490 381 86 370 241 50 69 102 283 15 56 348 71 31 201 68 95 462 152 473 320 413 367 461 455 274 478 491 476 61 278 319 442 216 189 35 267 258 138 402 273 46 250 344 78 303 264 173 117 417 498 437 330 365 250 138 491 229 129 468 290 259 287 84 328 328 471 95 86 109 349 212 8 451 408 86 106 173 259 223 442 109 12 124 326 263 262 317 492 244 137 134 355 424 70 183 104 41 130 191 3 479 255 11 282 15 97 388 40 208 463 482 169 476 107 495 239 221 312 83 465 450 69 321 226 139 4 331 32 135 374 35 466 481 398 101 496 495 489 37 55 453 371 224 281 330 71 372 52 384 307 17 186 376 190 264 367 195 447 399 182 173 287 0 154 185 101 3 33 443 392 440 248 263 17 29 446 88 253 498 472 60 367 10 288 58 127 
107
105 74 406 287 248 45 139 254 83 241 109 116 184 1 56 432 117 425 313 63 14 66 61 338 126 428 349 266 338 476 273 443 402 31 82 2 77 222 257 160 463 366 128 499 220 36 283 337 462 96 252 476 162 313 314 140 93 15 258 432 343 31 375 98 62 458 100 491 32 209 3 495 76 131 346 148 20 129 485 482 225 237 310 239 402 476 231 347 344 489 279 187 20 7 285 434 317 238 278 349 447 281 196 375 413 42 23 
385
171 360 267 248 449 429 487 351 405 70 51 249 59 330 289 431 189 426 365 6 164 143 207 112 425 403 339 190 297 363 327 320 223 94 68 25 375 407 228 280 477 279 382 388 462 23 319 151 301 37 10 466 180 217 430 457 473 269 499 270 484 326 91 60 272 11 85 147 271 313 280 100 93 14 489 407 389 308 58 190 345 420 8 378 490 290 187 315 60 39 85 396 365 28 456 490 392 41 489 163 355 269 263 300 135 252 207 376 413 117 67 110 38 427 488 380 218 28 195 130 67 280 26 284 161 483 274 53 24 264 68 231 385 331 383 373 436 90 249 201 208 316 311 98 96 152 478 314 180 25 296 99 157 322 383 318 157 158 223 34 274 291 117 159 475 1 32 263 91 282 464 151 450 275 101 398 279 431 64 459 456 360 410 114 35 294 284 44 452 360 78 78 151 196 237 478 49 122 241 492 256 205 144 58 333 97 457 112 29 21 424 337 382 334 451 269 128 88 313 432 448 392 10 451 440 100 430 489 74 23 481 330 81 477 388 414 427 345 378 456 219 154 293 453 489 97 222 469 37 35 254 485 279 116 288 71 68 70 412 142 94 246 472 27 223 361 293 150 58 171 458 277 326 104 230 167 53 304 488 90 340 242 427 471 359 215 43 427 138 455 70 84 201 394 111 277 107 404 279 166 427 238 295 105 194 378 272 247 182 113 337 374 355 116 346 66 331 241 346 469 196 268 53 250 162 16 27 122 272 306 140 200 396 435 305 90 165 430 189 200 43 26 74 250 494 272 317 326 13 15 147 62 283 53 312 297 421 191 419 194 349 411 394 246 347 51 188 364 333 378 416 228 256 343 479 251 115 148 429 481 163 428 43 298 333 
307
447 255 398 219 449 247 130 195 345 329 246 386 194 432 264 110 160 372 453 139 123 421 287 52 254 302 333 149 452 166 356 400 421 106 119 370 205 249 417 403 79 164 289 125 448 405 87 108 277 393 248 401 166 387 305 420 42 138 69 494 305 425 394 78 383 365 449 88 115 366 491 46 382 280 23 330 37 110 291 315 355 391 68 21 130 225 441 172 364 10 19 21 287 413 99 170 131 400 111 98 119 102 144 353 235 19 36 272 129 327 439 485 70 7 358 200 233 300 373 449 162 244 322 450 9 421 472 140 174 83 238 145 186 234 498 273 253 34 397 235 213 337 72 283 344 430 484 429 82 209 378 245 453 200 195 462 474 167 103 0 103 193 145 141 428 495 414 33 30 311 268 95 0 340 379 345 123 215 126 205 424 5 450 229 57 497 191 383 17 146 235 120 340 232 261 120 228 175 153 258 338 274 205 339 466 84 36 89 151 162 147 75 19 97 156 429 95 200 164 112 346 400 84 38 484 345 10 212 20 16 322 210 290 28 49 256 464 437 198 116 100 345 43 471 294 200 400 389 400 417 353 98 317 289 489 301 134 499 366 6 367 188 217 157 216 118 266 181 56 464 149 8 309 192 479 103 244 232 345 144 149 50 95 318 340 84 471 474 435 337 333 303 26 50 312 94 20 78 127 76 42 276 84 203 321 416 159 
