50
26 41 33 84 70 1 43 21 52 22 56 45 91 92 16 16 74 48 18 59 85 84 6 89 56 41 86 85 32 39 17 57 79 1 41 49 53 83 21 4 56 28 48 98 71 63 65 45 62 82 
60
0 8 17 47
0 23 1 72
0 25 11 32
0 30 25 41
0 11 15 78
0 31 38 22
0 34 45 59
1 18 7
1 34 5
0 17 8 41
1 50 15
1 39 41
1 21 16
0 19 37 95
0 9 8 58
1 4 18
0 30 10 72
1 13 14
1 20 4
1 37 19
0 4 27 95
1 26 44
0 40 12 88
1 49 20
0 28 19 98
0 39 39 42
1 4 4
0 38 23 58
1 3 9
0 38 9 86
1 9 34
0 37 50 46
0 14 13 100
0 10 24 43
1 33 14
0 44 7 17
1 23 44
1 48 47
1 35 5
1 45 38
0 24 46 85
1 36 46
0 38 30 15
0 11 1 11
1 17 18
1 10 9
0 13 6 58
1 50 12
1 46 2
1 42 36
1 39 37
0 37 5 51
1 49 31
0 9 47 91
0 18 17 90
0 19 26 77
1 18 37
0 34 16 88
1 5 7
0 12 13 47
