490804121 513839490 581708110086142505
1543392313 2420841576 2448111892044379598
756799761 1793149373 1055414796800218286
777896450 1527469541 2120961602218400639
1825470814 2298777041 26164420815083331
354406579 586807589 140043477166789058
937811472 1783557662 174900159824818086
960176354 2497305243 1112006019770540072
1560164258 2713240674 772323616283732296
2030525679 2292007216 215980937914357279
1297831149 2184752753 858317247279694032
1636494695 3724232430 1570894700059867474
413560314 1732082495 1172238064035324301
1550923192 3257815622 526870609439072886
405154972 2458785351 934432573962617335
1443275620 2894057964 572487628697076774
456375112 1933011533 615033760533356524
1738117959 1740217116 870037743622220175
889020761 2281781566 308742138799779223
1333014892 3344791913 2956102416515872825
1182815554 2254263020 215189892186066870
630856248 2541853267 960906744822814709
1817143751 3429049728 282528642544742456
915204673 1837891726 2700492405708646289
251839826 1885277285 3404811659121801591
1635536617 2178308832 275618124436405989
1935533020 3483182030 846521841495178885
1411942383 1712077944 322107186825555174
1371583027 2458797302 2069579843261823417
