100
5 18 -6 52 66 -36 -18 15 22 1 24 27 -4 61 15 78 -6 -27 56 51 22 -41 25 70 17 88 15 56 53 4 37 38 78 -33 -14 53 34 11 -14 2 48 42 54 26 15 73 13 -18 20 26 70 14 41 61 4 32 3 -34 71 63 -28 37 48 30 21 24 36 -5 9 5 -31 -37 59 -21 22 63 81 -16 67 -2 68 81 5 30 29 -23 72 20 19 -40 45 39 25 58 32 31 -26 2 37 45 
100
61 92
73 84
67 94
70 99
18 52
99 99
39 68
71 78
31 35
29 68
44 79
66 96
5 73
24 69
94 95
25 79
41 62
11 67
55 65
8 31
11 84
96 97
45 88
10 54
68 85
84 90
10 51
63 88
42 60
63 73
86 96
90 97
36 87
37 54
84 99
62 80
6 50
96 97
79 92
77 93
47 89
57 66
61 99
21 59
62 91
90 96
22 70
25 31
82 96
47 68
8 51
12 68
20 86
15 35
63 65
97 99
2 92
64 74
28 76
17 54
72 93
88 96
88 91
2 8
76 87
86 94
59 59
100 100
30 64
14 23
18 39
28 49
5 67
94 94
12 65
87 88
53 78
40 44
83 94
98 99
78 88
41 96
7 88
11 26
44 91
68 76
31 98
91 93
80 83
58 94
65 79
43 75
40 61
13 18
84 98
78 86
59 63
25 90
7 25
54 72
