3
150 280
105 59 2
111 42 7
112 80 1
134 3 3
83 113 10
91 1 3
7 90 6
99 118 1
48 150 6
148 48 3
113 55 1
87 15 4
45 29 4
87 12 8
119 94 2
100 34 2
143 93 3
140 41 10
50 140 1
55 138 1
129 2 5
112 88 1
135 132 9
140 69 2
147 37 8
18 39 1
39 31 5
51 20 5
83 121 5
15 78 4
145 56 7
29 17 5
130 54 8
10 43 8
52 40 7
89 109 5
61 148 5
126 100 6
132 84 8
128 99 5
13 93 3
50 24 1
76 55 4
83 64 9
61 17 8
127 7 6
81 68 5
117 95 7
74 76 10
53 106 8
58 118 1
72 17 4
102 92 10
36 77 3
116 137 2
33 15 8
110 147 7
87 15 1
13 88 9
74 140 4
32 99 3
134 20 2
109 24 5
138 59 1
80 24 9
143 108 3
11 119 1
147 107 5
130 21 4
38 95 6
103 126 4
37 109 6
138 119 9
83 106 9
5 87 4
116 80 3
38 90 3
61 138 10
45 117 10
19 56 6
34 8 1
49 97 1
49 44 8
4 62 5
143 57 10
72 61 9
11 34 9
50 15 4
17 16 4
72 112 7
132 32 5
78 15 1
63 115 4
33 21 8
7 13 6
96 84 7
26 146 10
115 45 6
150 113 1
53 87 2
41 68 6
25 47 10
47 11 4
113 43 6
142 101 8
77 98 1
125 124 8
56 88 5
1 87 7
112 41 3
33 81 2
38 7 10
109 54 1
145 16 5
50 7 6
118 135 3
20 110 6
68 15 5
114 16 3
70 29 3
15 61 3
26 99 2
136 109 5
8 103 2
72 3 10
139 120 4
102 41 5
89 10 2
14 123 9
76 95 7
81 109 7
15 36 7
106 73 6
100 80 8
63 54 2
32 42 3
38 45 4
54 134 5
85 49 8
85 26 4
61 106 2
150 121 9
88 76 2
83 78 1
83 140 4
136 22 8
9 111 2
124 14 5
98 1 5
97 85 1
40 48 6
143 47 6
132 36 4
43 21 1
85 103 2
129 140 3
18 148 5
49 121 9
64 121 9
28 67 5
70 9 2
16 53 10
133 34 6
78 128 6
48 63 10
112 93 9
46 110 9
91 8 1
51 123 1
109 53 10
55 122 10
147 39 2
88 74 8
13 1 5
108 101 9
109 62 1
48 107 2
88 47 2
98 97 6
79 107 10
80 12 4
89 60 2
52 147 7
49 10 8
24 19 8
112 30 9
45 129 5
138 66 4
141 13 2
117 143 9
46 72 2
51 62 3
95 114 9
61 12 10
28 87 1
95 101 10
125 145 8
112 34 3
47 25 7
78 141 10
118 88 3
71 41 7
83 135 10
92 45 3
63 73 10
53 69 10
72 96 6
121 57 9
85 103 5
62 30 5
83 50 5
77 120 5
133 53 1
2 46 5
137 108 9
6 11 8
27 134 3
42 7 1
142 91 3
117 54 4
133 38 3
87 115 5
133 97 7
13 1 2
140 137 9
38 142 1
57 18 7
21 111 3
41 102 5
65 68 9
21 51 8
25 39 2
149 74 9
77 138 1
148 127 7
79 15 10
71 123 9
47 144 9
29 86 2
56 53 10
84 73 2
51 97 2
35 148 5
115 74 3
45 124 1
111 52 7
80 150 1
125 40 9
112 31 4
14 142 9
138 55 2
137 59 6
134 83 10
109 147 6
82 38 8
35 46 9
7 125 10
129 1 9
77 113 1
133 126 5
23 114 1
16 100 9
43 135 4
34 93 10
69 25 9
116 59 5
134 117 1
53 95 2
63 74 4
6 108 1
90 32 6
130 48 5
131 90 1
64 124 4
143 94 10
64 60 10
30 43 9
120 148 5
113 112 10
68 117 7
74
1 91
0 140 138
1 120
0 23 33
1 46
1 98
1 42
1 107
1 101
0 93 150
1 55
1 61
0 78 119
1 36
1 18
0 98 110
1 77
1 78
0 28 56
0 127 98
1 135
1 88
1 12
0 133 119
0 43 143
0 64 15
1 24
1 41
0 44 86
1 26
1 133
1 62
1 67
1 65
0 135 37
0 72 20
1 21
1 10
1 79
1 103
1 52
0 53 137
0 130 51
1 84
1 72
1 139
1 131
1 104
1 89
1 47
0 29 111
0 90 12
1 142
1 40
0 3 50
1 75
1 23
1 143
1 148
1 68
1 114
1 74
1 17
1 100
1 132
0 89 144
0 132 96
0 5 150
1 111
1 92
1 83
1 63
1 28
0 116 101

150 280
145 34 2
94 32 4
131 120 9
29 102 6
116 106 5
5 118 1
14 2 2
68 90 7
21 54 1
48 132 6
148 126 1
21 122 2
26 102 4
24 33 7
19 50 4
66 54 1
36 120 4
150 89 3
46 109 9
46 6 10
63 55 5
113 127 8
96 3 10
49 26 4
5 97 3
118 12 7
100 47 8
83 46 6
58 143 4
86 90 1
95 2 7
131 16 3
139 112 5
150 62 1
43 119 7
135 86 10
33 88 6
50 72 4
5 129 8
120 116 8
142 60 1
68 93 7
121 81 10
25 80 1
7 24 9
85 8 7
24 41 6
62 142 7
47 147 6
24 18 3
143 10 5
114 77 7
100 47 7
1 124 8
61 130 1
142 117 10
8 140 2
13 103 4
141 149 2
98 23 9
21 15 8
55 30 7
55 139 1
28 78 2
60 40 3
26 61 2
67 123 6
20 78 6
18 81 6
92 49 6
9 79 2
90 35 2
121 89 2
1 19 1
144 78 10
128 5 10
21 123 4
76 142 3
24 62 3
69 55 4
36 115 2
57 55 6
10 25 6
3 25 4
73 71 3
84 48 7
5 69 10
49 46 3
123 69 6
76 39 1
129 126 5
12 32 9
79 93 5
84 95 10
10 69 2
12 2 9
71 7 7
102 107 3
124 131 3
110 56 4
52 86 9
108 97 3
17 77 5
1 63 2
62 72 10
43 135 4
124 55 2
122 58 8
16 32 8
129 43 6
84 146 3
112 103 2
126 21 8
31 74 10
134 135 1
103 80 8
28 105 2
109 76 10
48 92 3
66 70 7
93 55 2
55 68 6
16 44 7
106 126 10
55 109 6
128 113 7
35 141 1
48 99 7
119 147 8
123 114 9
19 56 3
112 12 10
8 80 3
126 35 8
115 89 6
42 118 1
49 54 1
9 102 9
45 122 7
74 95 10
22 15 7
76 29 9
146 88 10
10 63 4
150 79 4
97 120 2
7 18 5
57 79 8
108 25 10
4 99 6
66 22 10
32 98 10
62 145 7
21 56 1
14 55 9
50 2 9
1 8 8
57 65 8
65 74 3
96 77 3
71 44 6
112 76 3
32 137 9
38 60 5
61 125 9
109 24 2
29 24 10
19 133 6
86 99 9
80 44 7
22 114 1
38 75 8
52 8 6
113 98 5
27 8 10
47 18 3
69 47 9
150 117 1
145 52 9
115 132 4
11 55 7
3 144 3
70 46 3
26 60 10
92 138 7
81 86 4
94 4 2
84 55 8
56 49 2
126 65 5
89 128 9
67 130 3
21 102 10
133 29 9
94 120 8
10 51 3
146 46 7
79 129 1
129 86 2
80 61 8
64 51 5
4 117 7
36 39 8
67 74 6
105 17 5
32 79 7
45 74 4
113 54 2
85 32 9
8 13 9
146 76 1
12 80 9
8 17 8
7 84 1
132 90 7
129 24 5
77 120 10
71 134 6
94 120 9
53 30 2
123 25 9
94 88 10
134 96 7
11 102 2
13 136 3
32 16 6
76 92 7
148 12 2
123 8 2
31 60 1
4 84 7
53 79 4
82 63 1
30 73 5
61 138 10
84 19 5
31 146 8
150 143 2
101 17 9
74 100 10
76 103 3
4 57 2
20 139 4
130 18 8
146 131 7
95 64 5
111 146 1
69 145 5
90 148 2
20 123 3
9 101 7
81 104 4
134 123 2
47 5 1
137 150 1
63 147 4
60 107 2
150 77 8
36 68 7
89 87 10
91 95 10
98 26 5
11 9 8
114 108 4
84 146 5
35 110 1
100 19 10
63 70 6
21 106 4
79 44 10
58 37 5
39 36 2
124 98 2
83 61 9
98 46 6
112 132 6
123 82 6
142 46 6
139 118 3
2 47 8
4
1 124
0 45 61
1 70
1 102

150 280
54 120 3
1 16 8
14 147 5
38 130 1
81 26 8
70 143 10
71 91 7
126 97 3
75 141 5
145 112 3
149 15 2
43 67 9
122 80 6
47 118 7
89 48 4
116 117 9
37 90 9
45 117 5
27 42 7
24 88 8
126 86 4
99 30 10
88 2 2
125 100 1
141 90 8
137 55 7
125 91 8
53 135 4
78 64 7
144 87 5
74 114 2
17 62 2
79 51 5
122 77 6
132 68 5
91 106 1
69 80 3
136 132 9
72 111 2
100 105 10
14 80 3
118 96 7
49 76 9
85 47 6
122 80 5
46 21 10
128 89 9
150 127 2
58 100 3
82 49 9
41 63 8
16 30 5
104 130 3
92 116 1
59 87 1
93 34 1
134 63 1
52 62 7
56 21 6
118 102 7
88 45 1
85 112 2
131 65 1
103 58 8
24 19 6
24 111 1
96 147 3
106 100 6
145 5 8
80 24 10
116 111 6
18 45 7
99 78 3
61 30 2
138 105 10
105 30 1
7 125 7
121 133 6
146 127 3
146 108 6
97 74 7
92 143 3
100 92 10
22 2 2
53 140 6
103 146 8
15 3 2
73 123 4
80 21 2
92 16 10
128 112 5
26 105 7
118 54 8
40 127 10
43 81 1
150 33 6
137 99 8
1 73 3
94 3 3
66 146 10
145 25 3
101 50 7
147 70 2
135 11 10
124 53 10
4 52 5
81 91 3
11 91 8
63 86 10
37 53 7
26 99 2
80 49 3
88 46 4
149 30 4
88 3 8
9 58 2
113 138 2
68 50 2
95 112 7
124 50 10
50 127 8
53 56 7
106 143 2
129 43 3
65 32 7
52 41 4
143 3 3
76 70 3
47 14 6
6 39 6
115 141 2
74 43 8
82 50 2
135 81 5
67 145 6
53 98 6
148 143 1
81 68 10
63 17 6
110 22 6
5 38 6
27 111 1
6 95 2
127 79 2
43 146 8
89 48 8
76 98 10
118 28 9
28 142 5
55 101 8
120 106 5
26 34 8
78 39 2
29 67 10
113 110 7
40 100 7
19 77 4
140 45 3
29 124 4
135 28 4
113 49 1
29 126 6
108 53 4
79 134 3
31 96 2
29 37 3
75 56 9
120 45 5
42 125 8
7 110 7
21 124 6
93 54 1
49 12 6
94 142 9
56 74 6
29 103 2
101 79 7
2 101 4
148 142 8
66 149 9
114 71 4
61 65 10
134 113 1
14 119 4
88 74 5
92 65 5
20 14 8
120 7 6
14 26 3
64 57 6
134 112 9
48 71 2
63 93 10
21 107 10
86 44 3
30 135 7
127 56 2
126 78 10
71 91 6
35 4 4
113 39 5
101 86 8
72 50 10
53 122 6
2 110 1
24 41 7
12 17 3
14 143 10
73 115 2
60 150 5
5 112 3
10 62 10
137 35 2
108 87 5
134 88 4
6 13 5
13 76 1
127 89 5
116 64 2
97 25 1
133 30 4
57 39 7
118 77 1
79 86 7
64 121 6
59 127 10
43 41 5
96 17 6
42 132 9
103 130 3
65 14 2
138 122 2
76 89 10
146 70 6
54 35 6
101 93 4
10 38 4
47 133 10
22 76 3
112 29 4
24 93 7
18 133 8
101 58 9
13 106 8
108 9 4
75 110 6
19 21 5
2 67 7
54 88 3
86 49 3
150 125 7
128 44 1
78 144 1
116 6 6
125 15 4
18 90 5
3 10 6
130 63 2
36 116 10
70 52 10
34 103 4
143 80 7
83 59 3
133 24 8
40 148 5
54 15 4
130 70 5
25 49 7
39 136 3
140 108 6
139 43 10
113 35 1
31 118 10
93 2 3
63 42 3
47 147 7
22 126 8
6 53 8
52 91 6
116 80 3
58
1 107
1 82
0 53 15
1 114
1 12
1 71
1 130
1 3
1 40
1 46
1 83
1 51
0 21 16
1 33
1 25
0 2 9
1 106
1 42
1 31
1 117
1 112
1 22
1 74
1 145
1 60
1 85
1 53
1 28
1 39
1 132
1 131
1 111
0 64 54
1 95
1 23
0 23 119
1 63
0 11 49
1 115
1 134
0 93 113
1 146
0 86 134
1 139
0 56 102
1 55
0 135 76
1 78
1 148
0 102 8
0 59 122
0 42 95
0 57 101
1 52
0 148 87
1 140
0 71 67
0 146 130

