30
100 300 1
83 86 77 15 93 35 86 92 49 21 62 27 90 59 63 26 40 26 72 36 11 68 67 29 82 30 62 23 67 35 29 2 22 58 69 67 93 56 11 42 29 73 21 19 84 37 98 24 15 70 13 26 91 80 56 73 62 70 96 81 5 25 84 27 36 5 46 29 13 57 24 95 82 45 14 67 34 64 43 50 87 8 76 78 88 84 3 51 54 99 32 60 76 68 39 12 26 86 94 39
0 1 95
0 2 70
0 3 34
0 4 78
0 5 67
0 6 1
0 7 97
0 8 2
0 9 17
0 10 92
0 11 52
0 12 56
0 13 1
0 14 80
0 15 86
0 16 41
0 17 65
0 18 89
0 19 44
0 20 19
0 21 40
0 22 29
0 23 31
0 24 17
0 25 97
0 26 71
0 27 81
0 28 75
0 29 9
0 30 27
0 31 67
0 32 56
0 33 97
0 34 53
0 35 86
0 36 65
0 37 6
0 38 83
0 39 19
0 40 24
0 41 28
0 42 71
0 43 32
0 44 29
0 45 3
0 46 19
0 47 70
0 48 68
0 49 8
0 50 15
0 51 40
0 52 49
0 53 96
0 54 23
0 55 18
0 56 45
0 57 46
0 58 51
0 59 21
0 60 55
0 61 79
0 62 88
0 63 64
0 64 28
0 65 41
0 66 50
0 67 93
0 68 0
0 69 34
0 70 64
0 71 24
0 72 14
0 73 87
0 74 56
0 75 43
0 76 91
0 77 27
0 78 65
0 79 59
0 80 36
0 81 32
0 82 51
0 83 37
0 84 28
0 85 75
0 86 7
0 87 74
0 88 21
0 89 58
0 90 95
0 91 29
0 92 37
0 93 35
0 94 93
0 95 18
0 96 28
0 97 43
0 98 11
0 99 28
0 100 29
1 27 31
1 44 57
1 14 52
1 7 47
1 5 23
1 29 67
1 20 37
1 18 64
1 25 68
1 21 54
1 41 90
1 23 48
1 45 85
1 6 45
1 5 41
1 20 52
1 43 57
1 48 55
1 6 10
1 49 60
1 23 51
1 50 93
1 47 65
1 41 63
1 12 22
1 6 7
1 12 42
1 29 34
1 21 57
1 45 71
1 23 38
1 9 25
1 33 41
1 25 62
1 13 37
1 1 37
1 3 52
1 30 30
1 19 40
1 24 55
1 32 62
1 34 78
1 11 24
1 50 81
1 50 96
1 10 33
1 14 32
1 41 86
1 27 43
1 35 75
1 41 75
1 27 69
1 37 44
1 46 52
1 30 48
1 38 50
1 49 71
1 10 19
1 37 47
1 43 80
1 7 8
1 14 36
1 22 27
1 20 69
1 22 26
1 40 51
1 41 58
1 6 34
1 28 28
1 35 43
1 21 45
1 23 42
1 47 78
1 31 65
1 43 65
1 23 23
1 26 61
1 23 72
1 41 83
1 49 62
1 49 89
1 25 65
1 10 41
1 20 56
1 33 38
1 45 49
1 30 49
1 24 50
1 1 6
1 11 53
1 30 64
1 44 49
1 22 39
1 5 18
1 12 16
1 27 36
1 45 47
1 3 9
1 35 56
1 43 61
2 29 68
2 23 31
2 9 57
2 37 45
2 4 52
2 4 37
2 34 82
2 41 45
2 18 64
2 19 48
2 1 47
2 39 86
2 50 90
2 4 37
2 14 61
2 4 46
2 37 62
2 3 49
2 26 64
2 8 37
2 37 47
2 15 36
2 11 15
2 29 56
2 1 49
2 7 9
2 45 92
2 50 93
2 40 42
2 29 32
2 1 32
2 48 86
2 10 11
2 36 70
2 40 82
2 16 43
2 5 34
2 50 64
2 36 65
2 44 79
2 28 28
2 39 60
2 50 89
2 18 56
2 43 88
2 44 88
2 30 70
2 33 73
2 42 61
2 27 59
2 12 54
2 11 28
2 24 35
2 32 41
2 41 66
2 47 64
2 28 62
2 41 67
2 25 32
2 15 33
2 6 14
2 13 49
2 1 47
2 27 71
2 17 19
2 29 58
2 47 87
2 48 68
2 2 32
2 32 75
2 8 35
2 13 49
2 15 20
2 13 53
2 13 42
2 11 30
2 40 64
2 6 47
2 21 54
2 38 76
2 39 55
2 21 55
2 7 24
2 7 17
2 50 87
2 6 15
2 18 36
2 46 79
2 24 32
2 24 61
2 40 73
2 8 36
2 8 22
2 22 51
2 1 10
2 19 57
2 26 64
2 25 58
2 8 39
2 44 52
100 300 1
70 99 17 39 69 63 22 94 73 47 31 62 82 90 92 91 57 15 21 57 74 91 47 51 31 21 37 40 54 30 98 25 81 16 16 2 31 39 96 4 38 80 18 21 70 62 12 79 77 85 36 4 76 83 7 59 57 44 99 11 27 50 36 60 18 5 63 49 44 11 5 34 91 75 55 14 89 68 93 18 5 82 22 82 17 30 93 74 26 93 86 53 43 74 14 13 79 77 62 75
0 1 88
0 2 19
0 3 10
0 4 32
0 5 94
0 6 17
0 7 46
0 8 35
0 9 37
0 10 91
0 11 53
0 12 43
0 13 73
0 14 28
0 15 25
0 16 91
0 17 10
0 18 18
0 19 17
0 20 36
0 21 63
0 22 55
0 23 90
0 24 58
0 25 30
0 26 4
0 27 71
0 28 61
0 29 33
0 30 85
0 31 89
0 32 73
0 33 4
0 34 51
0 35 5
0 36 50
0 37 68
0 38 3
0 39 85
0 40 6
0 41 95
0 42 39
0 43 49
0 44 20
0 45 67
0 46 26
0 47 63
0 48 77
0 49 96
0 50 81
0 51 65
0 52 60
0 53 36
0 54 55
0 55 70
0 56 18
0 57 11
0 58 42
0 59 32
0 60 96
0 61 79
0 62 21
0 63 70
0 64 84
0 65 72
0 66 27
0 67 34
0 68 40
0 69 83
0 70 72
0 71 98
0 72 30
0 73 63
0 74 47
0 75 50
0 76 30
0 77 73
0 78 14
0 79 59
0 80 22
0 81 47
0 82 24
0 83 82
0 84 35
0 85 32
0 86 4
0 87 54
0 88 43
0 89 98
0 90 86
0 91 40
0 92 78
0 93 59
0 94 62
0 95 62
0 96 83
0 97 41
0 98 48
0 99 23
0 100 24
1 23 45
1 5 40
1 22 29
1 16 63
1 22 48
1 20 38
1 2 5
1 4 37
1 8 17
1 29 35
1 48 68
1 35 43
1 35 83
1 42 68
1 49 64
1 3 24
1 40 49
1 7 17
1 17 41
1 10 49
1 1 29
1 10 13
1 32 46
1 39 78
1 27 44
1 48 71
1 38 69
1 33 55
1 32 57
1 1 30
1 41 45
1 1 32
1 14 21
1 45 76
1 32 35
1 21 54
1 33 64
1 38 53
1 47 72
1 5 27
1 43 44
1 48 80
1 35 66
1 7 22
1 8 16
1 46 95
1 13 60
1 34 60
1 5 32
1 10 47
1 33 65
1 22 38
1 14 24
1 33 44
1 36 72
1 36 66
1 41 74
1 15 41
1 17 37
1 43 68
1 29 68
1 26 66
1 37 47
1 19 62
1 38 66
1 33 54
1 11 16
1 39 64
1 16 36
1 38 41
1 9 31
1 34 34
1 8 55
1 28 54
1 20 41
1 2 51
1 11 39
1 40 88
1 39 49
1 44 71
1 41 67
1 50 52
1 32 69
1 28 77
1 8 24
1 3 20
1 42 77
1 19 67
1 35 80
1 27 32
1 17 45
1 5 33
1 9 52
1 29 76
1 6 28
1 25 70
1 1 26
1 48 81
1 13 40
1 33 54
2 44 78
2 40 74
2 22 31
2 36 43
2 5 16
2 13 35
2 42 58
2 3 3
2 13 45
2 50 67
2 5 28
2 16 22
2 2 16
2 41 54
2 42 64
2 38 75
2 10 38
2 22 52
2 38 44
2 41 82
2 21 23
2 16 27
2 20 37
2 12 45
2 2 14
2 1 7
2 39 56
2 15 54
2 33 37
2 5 30
2 30 71
2 13 51
2 20 56
2 21 27
2 45 55
2 50 64
2 16 30
2 27 63
2 34 73
2 20 55
2 3 24
2 44 84
2 40 49
2 32 55
2 15 50
2 49 94
2 28 41
2 34 82
2 50 55
2 6 49
2 19 25
2 11 44
2 24 60
2 22 30
2 28 68
2 46 77
2 12 52
2 24 24
2 1 5
2 26 40
2 43 67
2 10 29
2 40 84
2 20 58
2 2 28
2 34 53
2 34 77
2 5 11
2 32 57
2 17 28
2 18 30
2 43 72
2 3 21
2 32 34
2 25 32
2 19 35
2 34 61
2 38 60
2 24 31
2 13 38
2 34 81
2 47 65
2 42 45
2 27 51
2 31 74
2 36 84
2 6 36
2 30 39
2 49 59
2 13 37
2 20 50
2 42 44
2 11 41
2 27 60
2 40 80
2 9 32
2 39 46
2 44 75
2 11 31
2 6 46
100 300 1
13 91 38 70 21 67 29 71 80 43 95 99 24 88 54 86 69 32 69 10 73 30 33 63 87 79 94 49 99 51 39 64 42 30 86 15 49 15 86 81 11 34 33 87 22 87 73 43 19 42 54 44 24 39 59 63 18 53 12 69 5 4 33 99 34 19 15 35 87 53 69 50 87 2 37 62 89 10 5 60 4 11 57 29 3 16 92 21 22 5 43 79 61 28 78 47 0 45 82 87
0 1 99
0 2 51
0 3 89
0 4 86
0 5 53
0 6 26
0 7 48
0 8 94
0 9 36
0 10 6
0 11 7
0 12 92
0 13 17
0 14 64
0 15 21
0 16 20
0 17 80
0 18 66
0 19 94
0 20 54
0 21 23
0 22 37
0 23 33
0 24 84
0 25 17
0 26 12
0 27 31
0 28 17
0 29 9
0 30 65
0 31 56
0 32 8
0 33 69
0 34 45
0 35 95
0 36 22
0 37 71
0 38 95
0 39 69
0 40 59
0 41 1
0 42 76
0 43 52
0 44 71
0 45 40
0 46 25
0 47 43
0 48 72
0 49 91
0 50 89
0 51 27
0 52 66
0 53 78
0 54 12
0 55 50
0 56 96
0 57 24
0 58 33
0 59 13
0 60 86
0 61 99
0 62 70
0 63 94
0 64 68
0 65 15
0 66 41
0 67 42
0 68 39
0 69 37
0 70 63
0 71 98
0 72 90
0 73 39
0 74 2
0 75 13
0 76 31
0 77 28
0 78 57
0 79 4
0 80 71
0 81 46
0 82 83
0 83 38
0 84 25
0 85 95
0 86 40
0 87 21
0 88 72
0 89 26
0 90 34
0 91 58
0 92 25
0 93 56
0 94 52
0 95 45
0 96 72
0 97 46
0 98 39
0 99 11
0 100 83
1 4 15
1 26 68
1 17 56
1 25 69
1 47 77
1 18 62
1 14 21
1 20 30
1 1 43
1 33 59
1 30 70
1 4 39
1 46 94
1 8 49
1 38 58
1 27 67
1 35 36
1 34 34
1 43 52
1 47 87
1 40 53
1 36 40
1 24 30
1 15 38
1 2 51
1 2 32
1 40 44
1 16 52
1 3 28
1 30 71
1 48 55
1 35 66
1 12 31
1 32 35
1 29 56
1 45 64
1 44 75
1 24 42
1 38 77
1 44 82
1 39 83
1 21 51
1 49 85
1 19 21
1 14 62
1 46 56
1 6 35
1 43 59
1 49 74
1 23 51
1 4 20
1 48 96
1 48 70
1 17 53
1 13 22
1 28 28
1 4 51
1 33 36
1 36 37
1 8 56
1 50 54
1 12 18
1 35 38
1 26 60
1 29 76
1 14 47
1 16 26
1 32 46
1 36 83
1 1 48
1 9 38
1 50 63
1 30 64
1 17 31
1 36 61
1 16 52
1 31 57
1 43 59
1 30 49
1 3 12
1 17 32
1 46 79
1 29 55
1 48 61
1 27 27
1 13 49
1 30 43
1 1 9
1 48 64
1 26 58
1 45 85
1 21 47
1 19 34
1 45 94
1 35 81
1 9 12
1 13 16
1 37 79
1 33 67
1 8 18
2 35 54
2 47 62
2 35 81
2 25 57
2 16 17
2 17 28
2 44 81
2 38 49
2 3 34
2 11 49
2 30 50
2 42 85
2 25 53
2 36 44
2 13 55
2 21 67
2 14 30
2 12 12
2 16 53
2 35 67
2 41 41
2 44 77
2 40 70
2 45 88
2 14 18
2 33 77
2 26 49
2 39 40
2 2 25
2 12 27
2 19 50
2 14 47
2 50 77
2 36 50
2 15 34
2 47 54
2 23 64
2 41 52
2 24 61
2 8 44
2 44 83
2 32 52
2 15 36
2 22 40
2 47 81
2 34 48
2 18 65
2 1 18
2 25 60
2 34 74
2 8 40
2 50 79
2 24 64
2 43 90
2 30 79
2 36 58
2 41 59
2 44 49
2 40 56
2 26 62
2 4 14
2 3 23
2 8 12
2 38 71
2 41 62
2 27 74
2 6 33
2 29 57
2 20 40
2 28 76
2 21 34
2 22 32
2 34 50
2 18 41
2 33 75
2 12 47
2 4 17
2 9 21
2 19 64
2 49 59
2 19 45
2 10 33
2 4 41
2 5 28
2 8 39
2 24 53
2 47 91
2 43 73
2 13 22
2 6 53
2 5 21
2 35 44
2 32 74
2 24 25
2 39 60
2 14 22
2 50 72
2 35 40
2 12 52
2 31 52
100 300 1
23 3 0 20 0 42 52 12 4 7 59 58 25 94 17 58 36 90 60 26 14 73 37 65 48 21 20 9 63 0 32 86 4 33 58 56 27 10 68 31 69 28 41 46 74 58 5 10 1 65 89 67 90 26 32 38 99 5 0 62 57 32 48 61 17 7 69 97 69 38 28 39 18 70 85 92 80 42 54 33 7 43 0 50 21 85 88 20 90 40 34 47 25 83 61 94 42 30 91 63
0 1 20
0 2 20
0 3 54
0 4 38
0 5 42
0 6 92
0 7 30
0 8 22
0 9 34
0 10 85
0 11 8
0 12 94
0 13 80
0 14 8
0 15 44
0 16 2
0 17 45
0 18 84
0 19 22
0 20 87
0 21 25
0 22 57
0 23 35
0 24 2
0 25 92
0 26 48
0 27 96
0 28 86
0 29 30
0 30 40
0 31 49
0 32 51
0 33 12
0 34 56
0 35 89
0 36 54
0 37 48
0 38 72
0 39 28
0 40 82
0 41 57
0 42 88
0 43 76
0 44 37
0 45 97
0 46 20
0 47 39
0 48 94
0 49 5
0 50 14
0 51 82
0 52 82
0 53 23
0 54 69
0 55 36
0 56 15
0 57 17
0 58 84
0 59 53
0 60 99
0 61 24
0 62 54
0 63 50
0 64 36
0 65 10
0 66 92
0 67 42
0 68 58
0 69 64
0 70 23
0 71 41
0 72 21
0 73 11
0 74 69
0 75 10
0 76 60
0 77 90
0 78 2
0 79 55
0 80 47
0 81 16
0 82 89
0 83 81
0 84 39
0 85 58
0 86 17
0 87 6
0 88 75
0 89 1
0 90 11
0 91 74
0 92 78
0 93 65
0 94 77
0 95 66
0 96 76
0 97 69
0 98 61
0 99 34
0 100 33
1 37 64
1 7 56
1 48 64
1 11 50
1 21 38
1 37 73
1 9 26
1 28 44
1 37 72
1 44 81
1 47 66
1 18 30
1 47 81
1 41 58
1 46 70
1 1 32
1 3 11
1 31 32
1 26 68
1 41 88
1 12 38
1 35 54
1 46 59
1 36 67
1 2 32
1 21 68
1 1 39
1 12 58
1 25 26
1 15 34
1 29 45
1 3 35
1 26 58
1 34 36
1 28 51
1 50 90
1 2 37
1 11 57
1 50 97
1 30 32
1 29 78
1 50 78
1 40 53
1 27 40
1 17 57
1 35 79
1 10 46
1 27 61
1 22 31
1 39 39
1 35 74
1 41 76
1 26 26
1 32 58
1 1 13
1 29 57
1 15 44
1 9 12
1 45 79
1 20 31
1 28 33
1 8 44
1 43 77
1 23 38
1 46 56
1 16 48
1 50 57
1 18 44
1 9 10
1 3 13
1 14 46
1 39 66
1 15 61
1 34 42
1 31 35
1 20 27
1 10 37
1 46 47
1 14 31
1 19 29
1 30 65
1 43 74
1 44 56
1 8 11
1 14 26
1 14 42
1 47 48
1 7 17
1 50 91
1 20 51
1 46 86
1 40 44
1 20 56
1 9 41
1 5 31
1 46 79
1 15 52
1 15 22
1 2 26
1 11 25
2 39 62
2 44 78
2 27 28
2 46 71
2 45 61
2 7 46
2 7 54
2 46 72
2 35 38
2 11 51
2 33 38
2 24 72
2 46 86
2 6 52
2 17 34
2 14 18
2 41 49
2 41 59
2 12 47
2 44 49
2 2 3
2 45 55
2 2 43
2 39 74
2 48 96
2 26 57
2 7 7
2 30 31
2 43 77
2 50 60
2 2 16
2 15 58
2 23 28
2 12 45
2 43 49
2 41 87
2 10 46
2 9 19
2 29 75
2 48 73
2 45 69
2 7 7
2 26 61
2 4 23
2 22 27
2 31 55
2 20 66
2 18 62
2 4 34
2 30 76
2 37 57
2 45 90
2 9 11
2 9 45
2 49 54
2 14 58
2 31 52
2 48 55
2 9 9
2 29 58
2 8 16
2 4 33
2 8 30
2 26 36
2 3 7
2 9 49
2 27 29
2 37 72
2 7 53
2 24 28
2 2 39
2 2 35
2 11 59
2 43 62
2 1 22
2 1 9
2 32 38
2 38 76
2 29 41
2 2 35
2 19 28
2 24 69
2 15 26
2 33 55
2 8 15
2 30 41
2 45 75
2 45 52
2 29 66
2 27 55
2 11 39
2 37 78
2 35 60
2 33 48
2 40 73
2 49 57
2 45 68
2 6 16
2 36 75
2 34 78
100 300 1
46 12 55 93 42 0 50 20 89 28 50 49 56 37 42 41 14 24 58 54 9 58 64 54 81 19 16 18 60 99 63 6 63 18 99 5 70 1 77 11 29 28 12 86 17 55 79 83 79 89 37 89 47 53 95 80 24 11 99 84 11 14 43 26 84 42 32 7 96 61 18 25 41 31 63 10 86 94 94 17 35 83 58 82 37 53 15 13 17 14 98 80 80 41 6 64 35 38 23 31
0 1 52
0 2 42
0 3 9
0 4 45
0 5 25
0 6 24
0 7 56
0 8 63
0 9 71
0 10 2
0 11 80
0 12 6
0 13 85
0 14 91
0 15 89
0 16 74
0 17 44
0 18 56
0 19 88
0 20 61
0 21 70
0 22 38
0 23 41
0 24 2
0 25 79
0 26 48
0 27 18
0 28 66
0 29 38
0 30 42
0 31 50
0 32 42
0 33 84
0 34 59
0 35 88
0 36 61
0 37 35
0 38 96
0 39 24
0 40 6
0 41 98
0 42 56
0 43 13
0 44 35
0 45 47
0 46 54
0 47 62
0 48 44
0 49 10
0 50 2
0 51 57
0 52 32
0 53 40
0 54 51
0 55 86
0 56 71
0 57 99
0 58 4
0 59 89
0 60 89
0 61 46
0 62 39
0 63 84
0 64 82
0 65 50
0 66 72
0 67 43
0 68 86
0 69 68
0 70 19
0 71 92
0 72 18
0 73 76
0 74 57
0 75 53
0 76 75
0 77 63
0 78 15
0 79 19
0 80 25
0 81 69
0 82 77
0 83 9
0 84 9
0 85 80
0 86 95
0 87 32
0 88 31
0 89 0
0 90 22
0 91 20
0 92 46
0 93 13
0 94 56
0 95 29
0 96 64
0 97 28
0 98 24
0 99 50
0 100 48
1 45 89
1 19 41
1 5 27
1 48 65
1 40 59
1 44 53
1 49 53
1 21 49
1 1 6
1 10 10
1 30 61
1 49 91
1 39 66
1 7 25
1 5 13
1 20 68
1 4 41
1 21 28
1 12 31
1 27 30
1 41 62
1 15 53
1 27 63
1 17 43
1 42 69
1 29 51
1 10 36
1 16 65
1 5 28
1 18 26
1 33 71
1 9 46
1 27 57
1 45 84
1 2 24
1 43 85
1 45 51
1 31 53
1 44 93
1 49 85
1 29 55
1 10 47
1 3 29
1 39 47
1 50 58
1 19 50
1 47 75
1 21 45
1 9 23
1 15 27
1 40 46
1 5 40
1 16 50
1 8 18
1 36 43
1 47 61
1 34 39
1 4 41
1 34 76
1 49 82
1 1 19
1 17 63
1 50 87
1 22 31
1 4 41
1 22 64
1 44 69
1 28 38
1 13 49
1 21 68
1 44 61
1 12 40
1 25 42
1 17 25
1 10 26
1 44 53
1 37 46
1 8 43
1 47 77
1 46 48
1 18 34
1 47 60
1 43 67
1 24 30
1 11 55
1 4 10
1 14 31
1 35 74
1 35 37
1 50 93
1 19 61
1 5 10
1 5 18
1 43 45
1 45 82
1 5 16
1 7 8
1 27 75
1 28 28
1 5 44
2 47 56
2 46 57
2 27 57
2 3 15
2 33 35
2 8 11
2 47 58
2 11 11
2 28 30
2 4 25
2 41 48
2 35 83
2 11 22
2 49 86
2 14 18
2 28 39
2 14 38
2 25 67
2 5 31
2 5 44
2 29 43
2 43 68
2 28 30
2 28 32
2 5 35
2 26 72
2 41 51
2 45 45
2 24 66
2 41 79
2 47 66
2 50 62
2 44 69
2 5 53
2 2 12
2 38 70
2 25 54
2 10 12
2 34 70
2 7 44
2 18 52
2 37 46
2 47 77
2 10 29
2 26 27
2 8 31
2 21 29
2 36 50
2 34 73
2 15 51
2 3 6
2 19 45
2 33 60
2 31 48
2 17 54
2 5 38
2 22 64
2 45 62
2 26 31
2 39 39
2 8 55
2 24 51
2 8 17
2 44 86
2 1 8
2 29 31
2 11 58
2 32 76
2 27 38
2 12 54
2 49 67
2 28 49
2 11 32
2 41 78
2 30 60
2 38 74
2 30 43
2 14 50
2 25 34
2 29 53
2 17 26
2 30 57
2 9 19
2 22 56
2 24 59
2 30 54
2 4 12
2 46 61
2 33 71
2 4 15
2 19 61
2 48 48
2 6 18
2 37 68
2 22 39
2 9 47
2 27 64
2 18 52
2 50 90
2 21 43
100 300 1
27 51 96 82 10 94 98 92 82 53 53 2 47 52 54 55 14 91 86 38 60 44 28 88 83 45 22 34 37 44 7 65 96 55 47 6 49 97 50 83 2 3 38 50 55 92 5 21 35 91 11 95 88 39 83 23 36 57 58 26 2 65 91 50 20 90 8 22 88 58 57 90 61 95 40 68 40 97 41 75 41 53 23 29 44 58 52 33 16 10 59 70 27 50 72 0 40 80 74 80
0 1 38
0 2 31
0 3 71
0 4 99
0 5 79
0 6 63
0 7 19
0 8 19
0 9 61
0 10 12
0 11 46
0 12 54
0 13 17
0 14 69
0 15 83
0 16 62
0 17 28
0 18 87
0 19 95
0 20 96
0 21 50
0 22 54
0 23 66
0 24 29
0 25 56
0 26 38
0 27 29
0 28 96
0 29 18
0 30 55
0 31 29
0 32 8
0 33 87
0 34 0
0 35 7
0 36 18
0 37 15
0 38 78
0 39 37
0 40 28
0 41 90
0 42 35
0 43 82
0 44 8
0 45 5
0 46 17
0 47 22
0 48 85
0 49 57
0 50 69
0 51 81
0 52 7
0 53 23
0 54 99
0 55 36
0 56 79
0 57 89
0 58 18
0 59 27
0 60 7
0 61 73
0 62 56
0 63 15
0 64 12
0 65 8
0 66 74
0 67 30
0 68 76
0 69 4
0 70 19
0 71 56
0 72 46
0 73 55
0 74 39
0 75 6
0 76 12
0 77 8
0 78 28
0 79 97
0 80 65
0 81 97
0 82 30
0 83 72
0 84 72
0 85 29
0 86 61
0 87 3
0 88 18
0 89 31
0 90 83
0 91 77
0 92 56
0 93 91
0 94 44
0 95 69
0 96 52
0 97 70
0 98 51
0 99 28
0 100 26
1 24 58
1 23 53
1 26 55
1 45 79
1 10 51
1 50 59
1 24 48
1 32 34
1 36 73
1 23 39
1 21 22
1 25 36
1 46 89
1 16 33
1 48 91
1 44 66
1 31 48
1 5 12
1 47 95
1 42 50
1 40 83
1 18 30
1 18 18
1 17 21
1 38 78
1 23 32
1 42 88
1 24 62
1 43 81
1 6 45
1 33 33
1 14 28
1 18 35
1 22 38
1 16 31
1 25 31
1 9 50
1 21 46
1 42 80
1 30 61
1 29 30
1 41 60
1 48 61
1 10 51
1 3 19
1 33 69
1 17 62
1 1 36
1 15 38
1 2 31
1 39 66
1 38 84
1 19 26
1 24 36
1 46 50
1 44 69
1 8 43
1 47 52
1 50 55
1 49 52
1 24 55
1 40 79
1 27 68
1 28 69
1 15 45
1 23 28
1 9 19
1 2 28
1 20 47
1 41 56
1 32 65
1 43 82
1 20 59
1 47 67
1 47 91
1 24 44
1 26 40
1 12 16
1 6 44
1 46 67
1 20 39
1 27 54
1 30 60
1 6 55
1 8 54
1 17 55
1 32 40
1 30 32
1 50 75
1 25 71
1 23 70
1 17 64
1 12 39
1 2 20
1 17 65
1 41 78
1 19 35
1 17 66
1 47 68
1 49 54
2 20 36
2 47 48
2 28 53
2 6 32
2 4 34
2 23 48
2 30 68
2 23 66
2 19 45
2 12 48
2 27 28
2 24 68
2 21 60
2 47 65
2 13 59
2 25 57
2 14 34
2 36 76
2 48 90
2 19 19
2 23 66
2 26 30
2 34 34
2 48 49
2 29 37
2 38 42
2 13 25
2 2 34
2 2 49
2 3 19
2 44 70
2 1 9
2 49 86
2 1 49
2 30 49
2 49 53
2 13 39
2 9 56
2 29 34
2 50 58
2 14 50
2 15 42
2 2 17
2 10 14
2 15 27
2 21 31
2 41 61
2 19 60
2 8 29
2 40 79
2 41 80
2 44 48
2 18 21
2 2 49
2 9 11
2 6 29
2 42 64
2 2 44
2 40 52
2 47 51
2 27 46
2 17 36
2 40 74
2 11 60
2 6 7
2 41 88
2 43 76
2 4 16
2 39 46
2 12 58
2 12 31
2 22 24
2 42 66
2 47 77
2 38 81
2 37 52
2 13 15
2 35 38
2 40 86
2 5 51
2 48 92
2 47 89
2 30 79
2 7 24
2 9 26
2 16 38
2 37 74
2 25 52
2 12 33
2 9 9
2 17 63
2 17 47
2 50 50
2 36 74
2 48 88
2 35 81
2 37 67
2 41 57
2 33 79
2 36 78
100 300 1
14 51 14 52 40 41 30 53 64 90 54 30 86 72 62 87 72 97 25 21 89 60 20 76 42 10 92 24 9 29 69 75 80 83 27 20 24 9 74 88 99 80 70 38 52 32 25 76 82 51 98 71 63 70 47 57 32 91 34 41 21 3 16 53 38 96 26 63 5 52 3 57 32 26 95 36 58 20 12 92 23 62 64 38 32 63 48 65 7 82 58 28 37 27 33 75 23 59 90 28
0 1 11
0 2 46
0 3 85
0 4 95
0 5 72
0 6 32
0 7 31
0 8 82
0 9 5
0 10 96
0 11 75
0 12 28
0 13 58
0 14 39
0 15 19
0 16 43
0 17 54
0 18 67
0 19 60
0 20 61
0 21 1
0 22 70
0 23 41
0 24 38
0 25 97
0 26 75
0 27 13
0 28 20
0 29 86
0 30 56
0 31 1
0 32 98
0 33 2
0 34 38
0 35 45
0 36 74
0 37 23
0 38 29
0 39 56
0 40 28
0 41 25
0 42 31
0 43 8
0 44 35
0 45 22
0 46 79
0 47 30
0 48 77
0 49 46
0 50 90
0 51 90
0 52 47
0 53 13
0 54 32
0 55 37
0 56 10
0 57 7
0 58 51
0 59 83
0 60 93
0 61 7
0 62 36
0 63 43
0 64 9
0 65 26
0 66 89
0 67 35
0 68 49
0 69 18
0 70 91
0 71 77
0 72 95
0 73 23
0 74 38
0 75 30
0 76 97
0 77 17
0 78 13
0 79 74
0 80 16
0 81 55
0 82 65
0 83 15
0 84 68
0 85 49
0 86 53
0 87 79
0 88 56
0 89 56
0 90 14
0 91 1
0 92 15
0 93 50
0 94 97
0 95 76
0 96 76
0 97 38
0 98 11
0 99 26
0 100 8
1 3 8
1 4 31
1 44 79
1 26 37
1 49 50
1 28 34
1 19 61
1 25 42
1 48 51
1 24 27
1 18 45
1 19 38
1 27 71
1 47 61
1 6 30
1 23 33
1 30 57
1 38 63
1 15 29
1 37 52
1 17 32
1 22 56
1 10 55
1 3 10
1 2 29
1 11 31
1 7 38
1 41 73
1 26 64
1 47 80
1 13 33
1 44 85
1 50 82
1 17 33
1 48 52
1 32 45
1 22 26
1 50 81
1 2 3
1 41 43
1 32 34
1 26 63
1 34 49
1 21 32
1 6 24
1 47 64
1 42 81
1 11 53
1 24 53
1 9 29
1 34 75
1 36 43
1 48 85
1 41 90
1 39 69
1 4 25
1 35 63
1 10 30
1 46 77
1 34 34
1 2 31
1 20 62
1 21 51
1 38 81
1 10 57
1 17 61
1 40 43
1 4 42
1 41 84
1 38 69
1 26 67
1 3 15
1 22 35
1 33 50
1 45 60
1 20 66
1 45 84
1 41 55
1 22 49
1 10 40
1 26 51
1 27 43
1 32 62
1 5 26
1 26 68
1 5 8
1 36 43
1 16 22
1 23 70
1 26 43
1 15 60
1 14 22
1 37 40
1 25 32
1 32 65
1 40 48
1 12 29
1 25 67
1 50 78
1 16 41
2 23 45
2 31 38
2 32 77
2 17 20
2 43 84
2 21 29
2 39 74
2 17 41
2 40 82
2 34 56
2 28 50
2 33 71
2 43 49
2 33 74
2 37 37
2 19 28
2 23 71
2 19 24
2 46 80
2 9 48
2 29 58
2 48 64
2 15 30
2 44 49
2 8 34
2 30 65
2 2 13
2 26 71
2 20 30
2 37 43
2 13 20
2 18 54
2 8 43
2 42 45
2 23 72
2 43 43
2 31 71
2 19 66
2 6 17
2 5 20
2 41 75
2 1 44
2 48 75
2 39 56
2 38 62
2 24 25
2 34 74
2 38 79
2 28 56
2 47 48
2 31 69
2 4 14
2 31 53
2 10 46
2 36 50
2 4 31
2 1 6
2 21 68
2 33 41
2 15 37
2 36 73
2 24 42
2 30 41
2 12 21
2 40 47
2 11 30
2 47 63
2 33 61
2 39 80
2 17 42
2 8 27
2 4 11
2 25 50
2 6 13
2 35 54
2 32 51
2 10 14
2 40 80
2 16 17
2 2 9
2 9 21
2 29 35
2 29 39
2 36 54
2 5 6
2 46 57
2 22 22
2 20 65
2 27 53
2 5 17
2 46 81
2 32 38
2 41 61
2 50 57
2 24 24
2 17 49
2 15 60
2 41 83
2 8 33
2 13 26
100 300 1
79 60 77 0 60 46 97 38 24 54 0 71 89 31 78 81 4 79 91 27 79 7 11 94 54 2 88 14 29 3 79 8 63 56 60 75 54 10 14 78 64 14 50 53 98 80 87 54 59 78 33 38 37 45 84 44 99 73 58 28 28 37 89 91 46 49 18 0 59 32 79 23 99 29 29 97 9 16 3 20 46 36 58 83 33 95 27 32 20 37 13 48 27 2 91 73 3 9 25 63
0 1 42
0 2 4
0 3 38
0 4 93
0 5 85
0 6 19
0 7 42
0 8 46
0 9 87
0 10 45
0 11 66
0 12 33
0 13 81
0 14 77
0 15 69
0 16 15
0 17 72
0 18 48
0 19 99
0 20 92
0 21 38
0 22 12
0 23 40
0 24 65
0 25 14
0 26 31
0 27 90
0 28 70
0 29 92
0 30 15
0 31 33
0 32 86
0 33 72
0 34 23
0 35 79
0 36 57
0 37 95
0 38 21
0 39 4
0 40 82
0 41 18
0 42 22
0 43 68
0 44 52
0 45 99
0 46 89
0 47 19
0 48 71
0 49 89
0 50 18
0 51 15
0 52 27
0 53 83
0 54 55
0 55 44
0 56 49
0 57 38
0 58 34
0 59 19
0 60 83
0 61 2
0 62 4
0 63 69
0 64 74
0 65 28
0 66 49
0 67 83
0 68 23
0 69 22
0 70 39
0 71 57
0 72 93
0 73 62
0 74 25
0 75 45
0 76 13
0 77 66
0 78 64
0 79 37
0 80 56
0 81 34
0 82 52
0 83 83
0 84 17
0 85 60
0 86 80
0 87 67
0 88 50
0 89 66
0 90 86
0 91 33
0 92 68
0 93 91
0 94 3
0 95 94
0 96 71
0 97 4
0 98 78
0 99 46
0 100 78
1 18 23
1 22 51
1 34 52
1 44 93
1 35 67
1 6 25
1 35 76
1 39 83
1 22 29
1 48 87
1 45 75
1 9 46
1 36 40
1 11 50
1 33 41
1 21 21
1 14 55
1 32 78
1 13 39
1 47 93
1 9 12
1 18 63
1 45 51
1 42 59
1 14 52
1 10 19
1 20 39
1 49 55
1 24 32
1 49 55
1 17 35
1 9 41
1 12 53
1 29 52
1 19 45
1 21 49
1 31 68
1 24 50
1 46 61
1 47 56
1 4 9
1 21 45
1 25 44
1 34 81
1 28 59
1 6 52
1 50 63
1 29 39
1 8 16
1 37 62
1 36 44
1 4 19
1 48 77
1 42 85
1 45 82
1 5 54
1 45 69
1 27 45
1 46 55
1 19 44
1 43 66
1 22 63
1 40 41
1 4 50
1 10 51
1 24 68
1 50 78
1 12 59
1 10 13
1 41 44
1 43 89
1 6 45
1 23 56
1 8 26
1 45 72
1 44 80
1 4 20
1 30 72
1 18 50
1 41 69
1 25 40
1 24 49
1 46 80
1 23 28
1 40 54
1 11 45
1 11 26
1 24 59
1 1 33
1 4 48
1 11 57
1 33 46
1 13 24
1 8 39
1 45 94
1 10 30
1 17 51
1 46 57
1 22 42
1 17 29
2 37 64
2 47 96
2 45 66
2 35 80
2 7 44
2 42 58
2 36 60
2 32 81
2 38 78
2 31 62
2 42 83
2 4 11
2 27 28
2 19 66
2 24 61
2 12 21
2 15 25
2 9 19
2 32 76
2 8 45
2 34 83
2 6 24
2 26 64
2 18 30
2 29 78
2 47 66
2 42 43
2 29 48
2 5 52
2 19 46
2 35 64
2 40 40
2 40 89
2 11 34
2 45 63
2 13 40
2 20 40
2 47 93
2 9 24
2 11 50
2 18 24
2 11 19
2 11 50
2 30 44
2 39 86
2 43 67
2 29 60
2 25 43
2 31 67
2 44 70
2 7 12
2 5 32
2 28 30
2 26 62
2 20 56
2 28 64
2 45 82
2 45 49
2 27 50
2 20 36
2 23 36
2 41 42
2 47 63
2 22 50
2 6 20
2 6 17
2 22 33
2 42 91
2 14 30
2 38 70
2 5 19
2 22 71
2 2 17
2 6 36
2 42 68
2 47 62
2 40 77
2 17 54
2 4 43
2 17 25
2 6 29
2 23 50
2 37 52
2 29 30
2 34 49
2 34 72
2 30 36
2 40 72
2 23 67
2 13 28
2 22 31
2 33 45
2 47 48
2 1 2
2 41 59
2 13 59
2 44 80
2 26 55
2 4 7
2 31 67
100 300 1
18 15 26 99 72 65 81 46 60 94 63 81 55 45 43 53 96 95 54 89 63 68 35 58 56 10 87 59 65 67 46 83 83 72 34 7 38 15 53 50 9 16 83 64 61 78 69 10 74 24 99 89 44 34 48 1 96 35 60 61 55 58 96 90 31 30 97 21 97 50 23 59 18 6 75 31 84 45 41 10 69 40 0 65 26 0 66 74 35 27 87 42 37 83 32 68 65 29 41 63
0 1 31
0 2 64
0 3 22
0 4 49
0 5 70
0 6 49
0 7 81
0 8 7
0 9 94
0 10 22
0 11 17
0 12 15
0 13 15
0 14 17
0 15 81
0 16 93
0 17 17
0 18 47
0 19 68
0 20 5
0 21 26
0 22 55
0 23 47
0 24 64
0 25 91
0 26 32
0 27 84
0 28 56
0 29 61
0 30 78
0 31 71
0 32 45
0 33 42
0 34 45
0 35 94
0 36 65
0 37 95
0 38 27
0 39 72
0 40 89
0 41 2
0 42 89
0 43 5
0 44 17
0 45 59
0 46 86
0 47 10
0 48 28
0 49 85
0 50 30
0 51 85
0 52 64
0 53 86
0 54 85
0 55 80
0 56 77
0 57 17
0 58 64
0 59 85
0 60 30
0 61 42
0 62 9
0 63 75
0 64 37
0 65 54
0 66 22
0 67 2
0 68 1
0 69 49
0 70 26
0 71 91
0 72 51
0 73 67
0 74 48
0 75 20
0 76 26
0 77 86
0 78 83
0 79 7
0 80 71
0 81 13
0 82 92
0 83 87
0 84 51
0 85 29
0 86 67
0 87 80
0 88 46
0 89 32
0 90 66
0 91 77
0 92 26
0 93 27
0 94 4
0 95 63
0 96 81
0 97 26
0 98 17
0 99 35
0 100 28
1 44 72
1 32 43
1 27 31
1 40 52
1 38 84
1 36 38
1 42 67
1 5 25
1 43 77
1 18 42
1 3 49
1 4 33
1 1 17
1 14 43
1 37 85
1 8 37
1 27 65
1 41 45
1 43 73
1 19 50
1 29 34
1 35 54
1 31 71
1 43 66
1 27 36
1 50 81
1 8 10
1 11 20
1 22 47
1 39 46
1 24 69
1 39 40
1 37 68
1 6 36
1 14 37
1 13 54
1 30 78
1 14 23
1 41 46
1 33 49
1 17 51
1 48 71
1 37 47
1 35 44
1 36 59
1 19 30
1 21 28
1 13 21
1 39 57
1 40 41
1 44 47
1 45 69
1 2 11
1 35 78
1 15 33
1 10 42
1 3 12
1 8 49
1 20 62
1 3 9
1 16 37
1 18 55
1 31 63
1 47 65
1 3 38
1 22 67
1 41 58
1 21 62
1 28 34
1 37 80
1 27 72
1 27 56
1 7 42
1 23 50
1 28 52
1 37 81
1 48 51
1 33 60
1 38 68
1 48 87
1 16 36
1 38 43
1 39 48
1 49 66
1 16 50
1 13 54
1 32 72
1 23 63
1 27 73
1 18 23
1 22 27
1 1 19
1 10 44
1 49 97
1 15 60
1 39 70
1 17 44
1 39 45
1 37 75
1 26 29
2 25 62
2 47 54
2 29 48
2 48 52
2 18 35
2 12 50
2 23 34
2 10 43
2 48 55
2 33 46
2 5 27
2 45 65
2 2 36
2 29 66
2 23 26
2 43 89
2 42 80
2 5 26
2 10 11
2 28 55
2 21 59
2 18 61
2 3 31
2 29 78
2 36 46
2 16 58
2 35 44
2 15 50
2 47 90
2 25 43
2 49 65
2 16 57
2 8 29
2 13 31
2 25 66
2 46 91
2 31 46
2 41 73
2 44 62
2 34 65
2 32 80
2 24 41
2 11 50
2 4 10
2 33 60
2 25 56
2 47 88
2 25 28
2 15 52
2 24 63
2 29 50
2 37 47
2 37 63
2 43 74
2 47 75
2 15 44
2 27 66
2 48 84
2 30 32
2 45 56
2 32 51
2 45 72
2 13 32
2 33 60
2 9 15
2 19 57
2 28 32
2 50 65
2 33 76
2 47 77
2 24 35
2 11 11
2 1 10
2 39 68
2 12 45
2 44 88
2 5 44
2 25 43
2 11 17
2 48 66
2 15 30
2 10 53
2 20 28
2 11 12
2 4 13
2 35 62
2 23 69
2 30 54
2 6 25
2 5 23
2 5 54
2 13 23
2 41 77
2 30 31
2 46 72
2 20 31
2 43 73
2 8 21
2 41 58
2 18 62
100 300 1
78 51 73 0 97 2 25 2 73 31 22 78 80 36 38 20 23 17 21 70 46 43 33 40 25 40 3 66 60 20 12 38 23 85 39 20 39 16 74 12 47 96 90 27 85 81 99 60 50 73 30 96 68 15 36 93 56 92 11 68 64 23 58 88 8 49 8 99 65 35 64 12 83 54 91 68 87 43 28 38 16 10 34 36 26 23 81 34 15 93 2 79 16 60 67 77 62 28 76 27
0 1 63
0 2 40
0 3 40
0 4 98
0 5 47
0 6 31
0 7 67
0 8 34
0 9 74
0 10 95
0 11 24
0 12 42
0 13 58
0 14 59
0 15 30
0 16 84
0 17 34
0 18 12
0 19 18
0 20 49
0 21 57
0 22 72
0 23 80
0 24 73
0 25 84
0 26 0
0 27 2
0 28 46
0 29 80
0 30 31
0 31 74
0 32 95
0 33 23
0 34 66
0 35 93
0 36 22
0 37 97
0 38 60
0 39 57
0 40 24
0 41 8
0 42 81
0 43 18
0 44 66
0 45 92
0 46 49
0 47 2
0 48 26
0 49 13
0 50 72
0 51 27
0 52 70
0 53 44
0 54 60
0 55 95
0 56 28
0 57 60
0 58 50
0 59 27
0 60 40
0 61 81
0 62 53
0 63 87
0 64 4
0 65 19
0 66 80
0 67 27
0 68 68
0 69 93
0 70 36
0 71 44
0 72 53
0 73 69
0 74 63
0 75 71
0 76 14
0 77 64
0 78 73
0 79 92
0 80 29
0 81 45
0 82 20
0 83 51
0 84 41
0 85 80
0 86 98
0 87 21
0 88 92
0 89 48
0 90 48
0 91 84
0 92 29
0 93 1
0 94 71
0 95 86
0 96 72
0 97 3
0 98 65
0 99 41
0 100 96
1 4 39
1 50 74
1 1 23
1 39 53
1 46 77
1 44 86
1 4 50
1 34 69
1 46 53
1 28 71
1 6 17
1 26 35
1 35 48
1 32 69
1 29 53
1 37 70
1 11 48
1 8 18
1 11 57
1 28 35
1 30 52
1 3 37
1 20 57
1 20 34
1 45 93
1 8 10
1 12 44
1 12 57
1 46 90
1 35 60
1 20 40
1 9 38
1 9 27
1 42 62
1 15 33
1 28 73
1 42 71
1 30 42
1 18 18
1 27 38
1 49 82
1 16 25
1 19 45
1 5 20
1 24 64
1 44 86
1 12 15
1 24 43
1 22 38
1 40 77
1 36 54
1 33 61
1 49 62
1 41 58
1 14 32
1 31 44
1 4 50
1 23 44
1 25 53
1 40 87
1 20 52
1 40 72
1 38 52
1 2 11
1 32 74
1 47 65
1 13 44
1 49 61
1 45 85
1 30 40
1 9 21
1 26 39
1 11 59
1 36 70
1 29 55
1 33 82
1 11 34
1 32 79
1 41 75
1 7 30
1 29 32
1 42 83
1 37 78
1 4 36
1 32 67
1 45 86
1 48 68
1 5 12
1 21 62
1 44 92
1 20 45
1 49 78
1 2 31
1 28 71
1 17 52
1 17 61
1 41 48
1 36 62
1 1 40
1 10 43
2 27 30
2 27 50
2 24 56
2 33 76
2 25 50
2 45 88
2 4 48
2 26 32
2 26 30
2 50 91
2 40 55
2 37 67
2 25 46
2 9 33
2 13 32
2 10 48
2 24 59
2 14 62
2 18 63
2 45 88
2 24 64
2 38 66
2 35 49
2 35 44
2 19 54
2 2 9
2 3 40
2 40 66
2 11 59
2 3 26
2 20 31
2 12 54
2 49 74
2 44 59
2 23 62
2 10 57
2 30 78
2 26 41
2 13 24
2 25 57
2 47 74
2 40 88
2 17 48
2 27 54
2 32 62
2 1 1
2 44 57
2 46 87
2 41 81
2 10 25
2 30 48
2 13 23
2 19 59
2 26 56
2 2 3
2 13 61
2 32 35
2 49 96
2 37 64
2 25 42
2 8 34
2 21 22
2 43 58
2 45 77
2 6 9
2 50 86
2 24 36
2 49 90
2 3 28
2 24 29
2 29 66
2 4 13
2 42 46
2 8 35
2 32 65
2 48 88
2 11 28
2 44 46
2 35 75
2 37 78
2 44 80
2 28 45
2 1 26
2 11 15
2 3 37
2 10 40
2 22 37
2 41 55
2 22 71
2 45 49
2 33 74
2 45 87
2 11 51
2 47 91
2 31 66
2 36 61
2 24 38
2 43 66
2 42 47
2 28 71
100 300 1
89 38 23 60 53 65 27 26 64 71 80 47 62 75 41 72 67 40 68 47 25 3 22 98 69 17 23 60 72 2 55 13 40 78 25 46 96 52 72 60 23 53 7 37 80 1 61 47 41 29 46 66 84 20 16 53 89 39 65 13 41 20 26 81 51 4 79 47 56 52 7 32 57 67 69 89 68 31 36 9 60 34 27 97 54 43 50 44 82 68 57 23 88 36 56 91 40 36 38 96
0 1 40
0 2 98
0 3 28
0 4 97
0 5 65
0 6 50
0 7 38
0 8 33
0 9 81
0 10 26
0 11 94
0 12 93
0 13 60
0 14 21
0 15 90
0 16 66
0 17 64
0 18 93
0 19 10
0 20 98
0 21 61
0 22 20
0 23 21
0 24 1
0 25 8
0 26 29
0 27 93
0 28 48
0 29 65
0 30 31
0 31 96
0 32 57
0 33 29
0 34 77
0 35 6
0 36 46
0 37 27
0 38 44
0 39 31
0 40 60
0 41 70
0 42 25
0 43 53
0 44 30
0 45 98
0 46 44
0 47 49
0 48 14
0 49 89
0 50 11
0 51 12
0 52 50
0 53 31
0 54 85
0 55 3
0 56 39
0 57 15
0 58 96
0 59 39
0 60 32
0 61 80
0 62 36
0 63 42
0 64 61
0 65 13
0 66 48
0 67 8
0 68 92
0 69 93
0 70 91
0 71 52
0 72 15
0 73 17
0 74 5
0 75 98
0 76 67
0 77 1
0 78 47
0 79 34
0 80 90
0 81 58
0 82 46
0 83 92
0 84 42
0 85 84
0 86 96
0 87 33
0 88 51
0 89 44
0 90 73
0 91 35
0 92 24
0 93 9
0 94 77
0 95 86
0 96 74
0 97 26
0 98 46
0 99 66
0 100 71
1 40 58
1 37 45
1 24 60
1 27 54
1 34 44
1 18 62
1 9 21
1 37 79
1 9 28
1 46 48
1 43 74
1 30 33
1 9 26
1 28 64
1 16 61
1 8 12
1 14 60
1 14 53
1 33 72
1 17 35
1 2 37
1 13 22
1 50 50
1 5 12
1 20 69
1 13 27
1 31 72
1 20 61
1 11 60
1 28 53
1 45 82
1 30 40
1 36 78
1 50 69
1 34 51
1 38 72
1 5 6
1 47 51
1 2 2
1 14 37
1 2 27
1 38 72
1 19 25
1 26 54
1 6 10
1 4 6
1 42 77
1 13 39
1 28 39
1 49 62
1 31 66
1 48 84
1 40 85
1 41 81
1 46 52
1 14 61
1 34 36
1 32 34
1 10 18
1 33 49
1 13 51
1 19 23
1 24 54
1 33 35
1 44 76
1 16 41
1 19 34
1 15 22
1 11 17
1 50 56
1 13 28
1 6 52
1 18 56
1 1 27
1 47 79
1 46 56
1 21 36
1 17 60
1 49 50
1 47 90
1 34 45
1 22 23
1 29 64
1 11 50
1 42 54
1 48 52
1 28 30
1 1 45
1 43 43
1 24 64
1 35 55
1 1 6
1 36 53
1 1 34
1 19 65
1 30 31
1 11 11
1 6 44
1 36 53
1 30 56
2 30 56
2 33 41
2 29 63
2 4 26
2 37 65
2 13 34
2 49 62
2 27 62
2 31 59
2 22 70
2 26 26
2 2 39
2 1 7
2 28 65
2 27 34
2 16 21
2 34 82
2 17 31
2 33 52
2 37 56
2 50 99
2 43 92
2 13 33
2 35 79
2 49 54
2 45 70
2 8 53
2 13 20
2 5 47
2 47 77
2 50 62
2 38 72
2 11 14
2 49 93
2 25 62
2 16 39
2 39 46
2 23 25
2 28 37
2 47 73
2 15 57
2 2 26
2 38 54
2 34 77
2 9 39
2 24 33
2 43 56
2 44 48
2 17 61
2 49 90
2 32 48
2 17 36
2 24 65
2 24 27
2 1 20
2 32 48
2 14 48
2 41 41
2 1 25
2 47 57
2 5 26
2 20 68
2 35 50
2 3 4
2 10 12
2 45 87
2 19 29
2 14 58
2 4 40
2 48 51
2 8 36
2 21 41
2 13 25
2 23 38
2 37 55
2 26 68
2 43 90
2 41 67
2 13 57
2 30 53
2 48 73
2 18 35
2 39 69
2 12 53
2 19 29
2 46 71
2 41 58
2 48 51
2 30 49
2 21 37
2 41 88
2 9 41
2 47 48
2 11 21
2 46 86
2 34 78
2 18 18
2 13 18
2 33 58
2 48 48
100 300 1
36 44 77 76 61 74 31 90 44 3 8 86 1 69 18 99 70 78 60 65 70 45 10 88 46 22 45 80 99 92 81 87 88 10 16 49 85 47 92 81 3 52 67 56 21 37 55 91 15 15 57 38 61 67 78 59 41 23 39 92 68 72 80 56 35 96 58 20 95 2 1 98 54 20 54 76 57 62 67 72 77 76 62 90 95 40 1 88 16 93 81 84 65 61 92 0 57 2 72 4
0 1 4
0 2 25
0 3 3
0 4 59
0 5 45
0 6 9
0 7 87
0 8 2
0 9 71
0 10 54
0 11 27
0 12 1
0 13 83
0 14 41
0 15 43
0 16 78
0 17 82
0 18 45
0 19 67
0 20 50
0 21 38
0 22 48
0 23 34
0 24 55
0 25 61
0 26 78
0 27 8
0 28 70
0 29 81
0 30 80
0 31 74
0 32 37
0 33 6
0 34 29
0 35 96
0 36 3
0 37 39
0 38 35
0 39 58
0 40 62
0 41 90
0 42 85
0 43 15
0 44 25
0 45 26
0 46 59
0 47 3
0 48 60
0 49 4
0 50 22
0 51 10
0 52 42
0 53 70
0 54 96
0 55 97
0 56 83
0 57 27
0 58 5
0 59 53
0 60 8
0 61 38
0 62 28
0 63 45
0 64 96
0 65 9
0 66 94
0 67 99
0 68 48
0 69 29
0 70 57
0 71 63
0 72 71
0 73 94
0 74 78
0 75 96
0 76 73
0 77 89
0 78 52
0 79 33
0 80 93
0 81 74
0 82 96
0 83 87
0 84 97
0 85 44
0 86 37
0 87 80
0 88 71
0 89 94
0 90 34
0 91 79
0 92 32
0 93 14
0 94 77
0 95 28
0 96 23
0 97 23
0 98 80
0 99 24
0 100 4
1 40 77
1 27 61
1 18 42
1 8 15
1 27 69
1 3 6
1 41 81
1 1 36
1 28 58
1 7 28
1 17 55
1 7 37
1 18 54
1 7 47
1 19 49
1 45 53
1 20 42
1 45 83
1 48 51
1 46 71
1 48 48
1 29 67
1 43 73
1 24 43
1 14 45
1 43 72
1 20 20
1 11 47
1 40 56
1 29 36
1 49 72
1 16 33
1 48 59
1 6 52
1 15 18
1 23 35
1 6 8
1 1 48
1 36 61
1 19 67
1 7 19
1 28 56
1 14 53
1 17 19
1 8 53
1 12 17
1 21 48
1 25 42
1 41 73
1 15 20
1 38 76
1 18 60
1 43 62
1 42 69
1 47 56
1 26 28
1 24 29
1 33 69
1 45 94
1 41 45
1 45 47
1 10 24
1 32 68
1 34 55
1 21 68
1 29 36
1 38 85
1 2 32
1 19 63
1 8 22
1 4 39
1 20 46
1 41 42
1 16 52
1 3 10
1 41 87
1 12 14
1 13 57
1 39 85
1 19 29
1 46 92
1 20 53
1 47 67
1 16 30
1 17 39
1 30 49
1 10 58
1 48 49
1 2 16
1 39 43
1 23 51
1 3 38
1 33 48
1 31 53
1 14 62
1 33 43
1 47 48
1 46 88
1 24 34
1 8 47
2 36 72
2 11 55
2 37 47
2 47 86
2 25 61
2 44 92
2 17 65
2 35 84
2 14 30
2 22 50
2 15 21
2 39 49
2 8 42
2 6 39
2 45 57
2 23 54
2 1 36
2 27 65
2 46 70
2 28 49
2 11 34
2 21 47
2 24 30
2 26 62
2 23 72
2 17 55
2 6 12
2 1 15
2 43 48
2 48 87
2 20 42
2 21 42
2 8 54
2 10 14
2 21 60
2 26 58
2 15 62
2 10 47
2 6 40
2 26 55
2 34 77
2 18 58
2 50 70
2 6 48
2 26 28
2 34 81
2 27 30
2 19 52
2 3 33
2 40 64
2 20 37
2 8 43
2 15 31
2 23 45
2 3 52
2 2 40
2 43 64
2 29 70
2 42 77
2 36 54
2 39 57
2 16 30
2 23 59
2 1 27
2 17 58
2 1 38
2 9 16
2 23 48
2 26 70
2 48 76
2 44 44
2 17 52
2 22 68
2 29 41
2 33 47
2 32 54
2 35 83
2 39 47
2 35 75
2 35 37
2 33 68
2 40 82
2 45 56
2 18 38
2 8 24
2 49 51
2 18 34
2 40 80
2 15 33
2 4 50
2 35 71
2 21 39
2 37 46
2 28 51
2 2 15
2 26 59
2 49 64
2 27 70
2 27 72
2 14 48
100 300 1
64 13 38 31 79 28 71 45 96 76 44 30 14 64 50 53 75 29 76 27 93 53 12 93 18 90 86 47 86 1 83 50 14 21 33 45 49 56 43 45 85 87 27 51 51 30 4 79 11 32 58 4 86 70 50 4 61 36 3 99 90 86 1 56 8 86 54 9 94 97 7 79 84 86 83 87 16 39 18 28 72 76 84 58 47 34 14 60 23 70 11 65 56 64 21 16 2 27 26 96
0 1 76
0 2 85
0 3 28
0 4 12
0 5 71
0 6 11
0 7 0
0 8 40
0 9 2
0 10 70
0 11 20
0 12 74
0 13 47
0 14 4
0 15 84
0 16 46
0 17 91
0 18 51
0 19 6
0 20 66
0 21 21
0 22 69
0 23 31
0 24 29
0 25 33
0 26 4
0 27 46
0 28 35
0 29 32
0 30 24
0 31 83
0 32 8
0 33 9
0 34 11
0 35 21
0 36 32
0 37 74
0 38 73
0 39 72
0 40 77
0 41 43
0 42 92
0 43 3
0 44 42
0 45 97
0 46 88
0 47 88
0 48 40
0 49 91
0 50 94
0 51 6
0 52 12
0 53 15
0 54 89
0 55 41
0 56 48
0 57 93
0 58 39
0 59 35
0 60 77
0 61 15
0 62 19
0 63 86
0 64 76
0 65 82
0 66 59
0 67 9
0 68 57
0 69 84
0 70 81
0 71 86
0 72 27
0 73 26
0 74 89
0 75 22
0 76 75
0 77 77
0 78 10
0 79 15
0 80 68
0 81 57
0 82 73
0 83 32
0 84 72
0 85 62
0 86 26
0 87 73
0 88 7
0 89 17
0 90 8
0 91 85
0 92 33
0 93 79
0 94 23
0 95 61
0 96 14
0 97 82
0 98 70
0 99 71
0 100 66
1 5 14
1 46 76
1 49 66
1 6 34
1 29 51
1 49 86
1 46 77
1 10 19
1 10 44
1 17 43
1 46 47
1 10 34
1 25 46
1 39 45
1 44 55
1 25 74
1 21 43
1 30 51
1 42 78
1 50 71
1 9 56
1 9 14
1 31 49
1 15 54
1 3 34
1 17 64
1 33 60
1 25 34
1 1 15
1 18 64
1 29 71
1 46 46
1 17 42
1 22 29
1 14 36
1 30 54
1 21 58
1 30 32
1 8 54
1 43 55
1 28 36
1 10 21
1 38 73
1 21 59
1 3 43
1 35 65
1 33 62
1 31 31
1 7 11
1 8 30
1 27 63
1 47 95
1 25 52
1 2 33
1 24 69
1 44 44
1 6 11
1 15 57
1 43 79
1 33 77
1 27 45
1 25 35
1 1 8
1 11 17
1 12 30
1 31 70
1 7 33
1 39 69
1 5 46
1 15 42
1 39 48
1 31 74
1 17 63
1 36 45
1 33 53
1 4 15
1 39 69
1 22 60
1 40 74
1 48 48
1 5 32
1 42 52
1 5 36
1 42 52
1 25 32
1 40 52
1 17 36
1 6 41
1 16 59
1 45 45
1 14 63
1 12 15
1 32 64
1 43 63
1 19 60
1 23 45
1 19 35
1 34 58
1 48 74
1 37 59
2 34 60
2 35 36
2 46 88
2 37 50
2 38 70
2 14 14
2 35 59
2 6 23
2 9 58
2 39 66
2 41 53
2 2 11
2 29 63
2 36 64
2 11 33
2 1 46
2 49 85
2 48 93
2 31 66
2 9 26
2 21 44
2 20 26
2 48 73
2 24 32
2 25 38
2 38 53
2 27 65
2 27 33
2 24 37
2 35 70
2 36 72
2 32 67
2 26 56
2 32 37
2 18 59
2 24 61
2 16 60
2 46 58
2 20 39
2 23 69
2 33 42
2 14 24
2 49 88
2 18 41
2 3 6
2 9 49
2 41 80
2 26 43
2 20 26
2 23 60
2 49 96
2 27 42
2 45 67
2 28 41
2 44 46
2 12 37
2 12 36
2 39 50
2 14 21
2 35 53
2 13 56
2 11 15
2 35 70
2 22 28
2 45 91
2 44 88
2 44 65
2 10 49
2 46 84
2 4 42
2 41 55
2 17 21
2 42 46
2 16 20
2 14 14
2 25 50
2 46 80
2 31 60
2 23 24
2 36 52
2 48 78
2 13 56
2 5 26
2 33 82
2 12 49
2 39 41
2 5 11
2 9 54
2 13 36
2 2 27
2 26 54
2 3 23
2 15 47
2 1 37
2 37 74
2 5 40
2 19 35
2 31 53
2 40 55
2 24 25
100 300 1
54 63 55 8 69 63 5 81 88 59 8 14 39 63 84 3 45 36 90 83 74 46 71 94 13 51 68 54 68 93 55 23 57 62 83 78 77 41 12 66 0 20 80 39 83 16 94 81 5 84 16 79 31 87 25 96 91 45 50 59 38 58 82 95 72 66 74 50 7 86 68 59 58 0 50 94 16 44 27 73 81 43 52 64 31 29 12 22 74 62 81 13 72 16 8 45 34 34 47 93
0 1 72
0 2 15
0 3 52
0 4 31
0 5 15
0 6 54
0 7 77
0 8 83
0 9 98
0 10 4
0 11 57
0 12 31
0 13 47
0 14 61
0 15 95
0 16 30
0 17 91
0 18 59
0 19 4
0 20 17
0 21 22
0 22 38
0 23 30
0 24 46
0 25 54
0 26 91
0 27 43
0 28 40
0 29 77
0 30 90
0 31 33
0 32 50
0 33 5
0 34 37
0 35 33
0 36 72
0 37 91
0 38 10
0 39 8
0 40 41
0 41 66
0 42 17
0 43 25
0 44 65
0 45 30
0 46 72
0 47 96
0 48 73
0 49 32
0 50 0
0 51 91
0 52 6
0 53 90
0 54 73
0 55 52
0 56 96
0 57 64
0 58 96
0 59 36
0 60 94
0 61 86
0 62 69
0 63 44
0 64 44
0 65 6
0 66 29
0 67 68
0 68 49
0 69 39
0 70 28
0 71 43
0 72 5
0 73 45
0 74 68
0 75 70
0 76 28
0 77 92
0 78 18
0 79 1
0 80 24
0 81 71
0 82 92
0 83 30
0 84 61
0 85 18
0 86 83
0 87 58
0 88 34
0 89 31
0 90 94
0 91 28
0 92 17
0 93 16
0 94 72
0 95 13
0 96 74
0 97 53
0 98 34
0 99 76
0 100 92
1 13 34
1 50 60
1 42 64
1 39 72
1 43 82
1 9 22
1 35 73
1 28 32
1 24 61
1 39 43
1 34 51
1 25 26
1 42 81
1 27 72
1 24 28
1 40 76
1 26 67
1 47 63
1 14 50
1 50 57
1 28 35
1 24 35
1 49 49
1 16 37
1 40 46
1 29 51
1 24 28
1 27 43
1 44 46
1 12 29
1 7 10
1 4 35
1 45 46
1 48 57
1 40 88
1 17 33
1 7 46
1 31 37
1 42 89
1 30 62
1 4 11
1 8 36
1 12 45
1 46 51
1 38 46
1 25 68
1 12 41
1 27 32
1 31 56
1 17 38
1 24 57
1 38 69
1 25 44
1 38 56
1 18 35
1 3 25
1 25 34
1 2 40
1 43 91
1 46 75
1 7 26
1 25 43
1 49 51
1 26 56
1 28 70
1 2 3
1 28 68
1 35 38
1 11 33
1 24 53
1 40 66
1 2 17
1 36 40
1 6 36
1 3 3
1 12 21
1 20 58
1 30 47
1 41 47
1 50 68
1 1 1
1 22 49
1 42 47
1 34 37
1 30 36
1 33 53
1 33 66
1 39 59
1 39 82
1 3 45
1 47 60
1 2 19
1 2 34
1 36 80
1 40 76
1 13 52
1 38 73
1 20 50
1 43 45
1 34 56
2 11 26
2 45 90
2 1 33
2 18 58
2 29 48
2 34 58
2 35 71
2 42 80
2 20 48
2 33 43
2 16 62
2 2 6
2 32 52
2 35 60
2 25 44
2 48 83
2 35 79
2 33 69
2 27 76
2 28 32
2 19 31
2 31 35
2 1 23
2 43 62
2 3 29
2 32 49
2 23 56
2 22 27
2 6 13
2 32 62
2 27 57
2 18 30
2 25 74
2 50 51
2 1 29
2 8 26
2 43 81
2 25 67
2 13 30
2 15 29
2 44 89
2 35 51
2 31 38
2 24 60
2 16 20
2 19 62
2 36 71
2 7 18
2 37 44
2 15 51
2 38 60
2 7 36
2 13 43
2 22 46
2 50 87
2 41 84
2 36 60
2 12 27
2 33 69
2 4 53
2 42 63
2 43 71
2 9 57
2 40 86
2 8 12
2 35 79
2 29 71
2 24 64
2 24 71
2 17 41
2 37 43
2 18 39
2 32 62
2 40 55
2 18 60
2 15 25
2 17 23
2 41 67
2 8 37
2 26 42
2 36 45
2 12 27
2 3 39
2 6 33
2 36 59
2 2 24
2 31 52
2 44 57
2 4 38
2 29 51
2 30 72
2 35 80
2 1 25
2 24 33
2 7 55
2 27 68
2 11 48
2 8 22
2 26 40
2 42 53
100 300 1
38 44 33 18 65 28 33 71 63 61 43 94 5 78 89 7 2 64 67 60 15 45 2 77 84 11 91 9 75 84 72 65 28 5 35 46 86 68 17 1 29 12 95 86 42 36 94 97 52 13 57 67 58 59 44 42 22 35 3 98 71 76 15 0 33 51 46 19 19 15 72 1 79 67 87 22 55 33 19 8 46 76 75 4 88 72 98 10 59 54 60 31 30 76 31 63 27 29 35 98
0 1 96
0 2 7
0 3 99
0 4 75
0 5 27
0 6 87
0 7 97
0 8 82
0 9 20
0 10 68
0 11 90
0 12 67
0 13 97
0 14 18
0 15 23
0 16 85
0 17 90
0 18 74
0 19 47
0 20 49
0 21 28
0 22 60
0 23 32
0 24 10
0 25 88
0 26 15
0 27 25
0 28 15
0 29 96
0 30 60
0 31 65
0 32 92
0 33 20
0 34 65
0 35 20
0 36 47
0 37 52
0 38 17
0 39 81
0 40 24
0 41 38
0 42 24
0 43 43
0 44 35
0 45 42
0 46 19
0 47 20
0 48 84
0 49 93
0 50 19
0 51 85
0 52 73
0 53 79
0 54 18
0 55 83
0 56 67
0 57 33
0 58 8
0 59 34
0 60 30
0 61 21
0 62 0
0 63 22
0 64 41
0 65 65
0 66 94
0 67 40
0 68 69
0 69 64
0 70 73
0 71 93
0 72 2
0 73 97
0 74 89
0 75 37
0 76 91
0 77 8
0 78 9
0 79 75
0 80 1
0 81 80
0 82 61
0 83 26
0 84 60
0 85 79
0 86 9
0 87 79
0 88 64
0 89 69
0 90 14
0 91 94
0 92 90
0 93 66
0 94 69
0 95 83
0 96 83
0 97 63
0 98 75
0 99 52
0 100 27
1 50 97
1 32 80
1 37 55
1 41 85
1 30 45
1 48 58
1 29 52
1 21 28
1 33 34
1 23 27
1 16 34
1 45 78
1 38 68
1 17 20
1 6 26
1 33 39
1 19 33
1 6 12
1 35 80
1 2 16
1 13 13
1 25 66
1 25 71
1 1 9
1 48 72
1 13 28
1 44 53
1 49 81
1 42 59
1 38 86
1 38 58
1 6 13
1 35 45
1 15 33
1 8 25
1 35 54
1 18 26
1 13 56
1 7 20
1 3 9
1 38 54
1 22 52
1 28 49
1 16 36
1 39 41
1 20 48
1 23 47
1 36 44
1 37 86
1 28 71
1 17 28
1 15 51
1 23 50
1 30 58
1 41 74
1 37 64
1 3 10
1 11 42
1 32 57
1 3 24
1 28 49
1 50 50
1 48 83
1 11 44
1 37 74
1 27 32
1 2 42
1 42 67
1 20 40
1 6 15
1 7 49
1 40 48
1 2 51
1 40 72
1 25 66
1 7 10
1 15 20
1 6 17
1 43 59
1 45 76
1 6 28
1 37 43
1 16 43
1 34 68
1 50 89
1 47 54
1 32 67
1 16 48
1 35 42
1 18 28
1 49 72
1 16 31
1 31 52
1 27 52
1 40 63
1 7 51
1 46 88
1 4 16
1 22 58
1 50 72
2 28 73
2 31 39
2 31 78
2 44 60
2 5 15
2 29 34
2 36 79
2 21 36
2 17 65
2 43 50
2 22 70
2 5 24
2 43 50
2 32 47
2 46 76
2 39 62
2 26 46
2 32 39
2 20 46
2 24 48
2 39 42
2 32 55
2 50 53
2 42 59
2 2 35
2 26 49
2 33 62
2 43 69
2 39 62
2 43 76
2 7 39
2 9 40
2 5 47
2 42 65
2 19 33
2 50 57
2 21 53
2 31 50
2 36 59
2 39 76
2 8 23
2 11 52
2 45 49
2 18 52
2 28 39
2 19 54
2 46 72
2 18 67
2 21 29
2 26 65
2 25 49
2 47 93
2 10 38
2 18 62
2 5 11
2 32 43
2 22 65
2 5 23
2 48 71
2 3 30
2 36 58
2 13 43
2 2 31
2 33 54
2 40 47
2 11 27
2 34 42
2 13 55
2 40 70
2 38 81
2 37 57
2 7 16
2 15 27
2 28 39
2 36 66
2 39 61
2 5 6
2 6 11
2 33 70
2 28 52
2 45 84
2 41 70
2 49 51
2 25 64
2 33 44
2 35 55
2 34 74
2 31 78
2 3 12
2 12 51
2 42 91
2 13 59
2 3 20
2 2 37
2 5 35
2 12 12
2 21 22
2 32 52
2 4 9
2 10 48
100 300 1
18 93 60 52 85 92 49 89 54 62 28 45 12 40 41 66 7 95 53 13 75 64 15 47 65 97 19 71 52 28 11 71 73 71 23 10 16 24 99 70 87 80 15 51 20 9 17 80 56 23 45 83 87 61 31 53 58 50 76 10 31 87 33 56 10 8 19 26 33 70 48 72 50 16 23 23 25 92 55 81 15 0 64 55 13 47 60 23 50 36 86 33 75 19 89 85 28 8 64 13
0 1 31
0 2 64
0 3 85
0 4 81
0 5 80
0 6 60
0 7 4
0 8 5
0 9 4
0 10 11
0 11 38
0 12 20
0 13 12
0 14 55
0 15 27
0 16 77
0 17 2
0 18 87
0 19 1
0 20 52
0 21 23
0 22 87
0 23 85
0 24 98
0 25 6
0 26 27
0 27 35
0 28 86
0 29 87
0 30 51
0 31 99
0 32 18
0 33 16
0 34 36
0 35 52
0 36 96
0 37 96
0 38 8
0 39 54
0 40 1
0 41 20
0 42 92
0 43 73
0 44 84
0 45 99
0 46 0
0 47 61
0 48 2
0 49 39
0 50 62
0 51 6
0 52 62
0 53 49
0 54 44
0 55 12
0 56 8
0 57 23
0 58 47
0 59 94
0 60 62
0 61 99
0 62 94
0 63 33
0 64 67
0 65 30
0 66 85
0 67 63
0 68 79
0 69 93
0 70 69
0 71 32
0 72 13
0 73 14
0 74 57
0 75 97
0 76 13
0 77 9
0 78 11
0 79 67
0 80 48
0 81 73
0 82 74
0 83 10
0 84 75
0 85 70
0 86 74
0 87 83
0 88 45
0 89 21
0 90 29
0 91 7
0 92 72
0 93 75
0 94 40
0 95 39
0 96 6
0 97 77
0 98 55
0 99 37
0 100 71
1 25 44
1 37 75
1 29 65
1 5 42
1 48 69
1 36 58
1 48 95
1 48 65
1 22 54
1 15 59
1 13 37
1 20 59
1 15 23
1 46 88
1 16 50
1 16 58
1 6 7
1 33 66
1 38 74
1 21 57
1 9 16
1 10 15
1 5 13
1 26 53
1 44 83
1 23 28
1 16 57
1 47 77
1 2 44
1 25 44
1 29 68
1 12 46
1 43 88
1 18 48
1 33 73
1 19 59
1 48 75
1 48 52
1 37 59
1 34 63
1 15 22
1 37 66
1 49 81
1 12 14
1 27 64
1 24 29
1 27 63
1 42 63
1 32 40
1 4 17
1 49 70
1 6 52
1 50 55
1 3 40
1 30 65
1 19 62
1 44 50
1 26 69
1 41 79
1 48 65
1 27 47
1 25 29
1 7 22
1 28 68
1 26 56
1 6 30
1 3 14
1 23 24
1 17 43
1 41 86
1 12 20
1 42 48
1 17 35
1 1 7
1 9 58
1 26 62
1 21 70
1 44 72
1 17 37
1 21 65
1 2 28
1 19 22
1 40 82
1 7 14
1 21 69
1 5 36
1 9 54
1 41 65
1 16 56
1 31 57
1 40 46
1 13 24
1 8 13
1 43 69
1 29 41
1 21 50
1 41 81
1 35 64
1 33 73
1 37 39
2 39 80
2 36 84
2 39 64
2 23 29
2 18 20
2 33 42
2 11 57
2 21 41
2 3 17
2 47 77
2 30 46
2 12 31
2 7 52
2 50 90
2 38 75
2 45 72
2 29 58
2 26 45
2 8 55
2 26 50
2 2 9
2 34 46
2 6 12
2 33 42
2 23 53
2 42 43
2 47 49
2 22 26
2 48 70
2 45 79
2 10 48
2 12 50
2 20 58
2 10 36
2 36 70
2 4 41
2 44 80
2 2 50
2 45 80
2 9 26
2 16 65
2 19 30
2 5 46
2 16 19
2 14 25
2 39 62
2 50 51
2 14 32
2 41 63
2 48 75
2 9 9
2 15 16
2 39 56
2 2 35
2 3 14
2 3 20
2 12 32
2 31 48
2 15 62
2 21 48
2 9 19
2 3 12
2 13 30
2 31 35
2 40 67
2 34 83
2 30 30
2 1 18
2 18 22
2 3 25
2 16 20
2 42 70
2 28 50
2 46 87
2 22 38
2 21 53
2 27 50
2 44 84
2 41 64
2 47 79
2 3 33
2 32 63
2 31 65
2 2 49
2 39 42
2 22 25
2 11 24
2 33 70
2 38 65
2 29 39
2 44 92
2 43 65
2 24 60
2 13 27
2 12 21
2 49 63
2 40 69
2 48 69
2 14 62
2 21 22
100 300 1
4 92 57 14 5 89 1 92 68 81 52 14 81 47 36 5 85 0 71 46 59 19 60 50 48 60 21 14 8 42 17 12 86 74 78 91 15 79 35 36 12 39 50 94 38 38 99 23 38 22 70 50 41 82 52 41 42 26 7 51 20 25 15 6 99 94 97 67 25 84 3 38 75 53 32 14 43 83 37 33 5 7 35 98 90 88 91 32 14 99 35 86 24 3 92 75 97 41 42 74
0 1 25
0 2 97
0 3 12
0 4 0
0 5 2
0 6 44
0 7 14
0 8 45
0 9 79
0 10 4
0 11 31
0 12 36
0 13 11
0 14 66
0 15 34
0 16 53
0 17 54
0 18 26
0 19 38
0 20 20
0 21 77
0 22 25
0 23 6
0 24 1
0 25 28
0 26 50
0 27 28
0 28 77
0 29 91
0 30 23
0 31 52
0 32 68
0 33 20
0 34 64
0 35 69
0 36 23
0 37 61
0 38 35
0 39 20
0 40 40
0 41 91
0 42 51
0 43 77
0 44 55
0 45 18
0 46 63
0 47 8
0 48 24
0 49 41
0 50 98
0 51 97
0 52 18
0 53 24
0 54 55
0 55 71
0 56 52
0 57 6
0 58 0
0 59 30
0 60 49
0 61 23
0 62 82
0 63 18
0 64 95
0 65 98
0 66 39
0 67 70
0 68 59
0 69 26
0 70 91
0 71 52
0 72 18
0 73 94
0 74 81
0 75 73
0 76 64
0 77 44
0 78 33
0 79 89
0 80 86
0 81 32
0 82 38
0 83 56
0 84 8
0 85 93
0 86 28
0 87 12
0 88 51
0 89 80
0 90 42
0 91 1
0 92 55
0 93 76
0 94 19
0 95 50
0 96 27
0 97 10
0 98 21
0 99 86
0 100 36
1 15 53
1 5 15
1 20 49
1 26 42
1 16 32
1 5 52
1 5 15
1 8 57
1 41 60
1 2 22
1 15 17
1 26 68
1 24 52
1 20 53
1 2 8
1 22 39
1 47 75
1 28 46
1 8 12
1 35 57
1 21 61
1 22 48
1 1 29
1 29 70
1 1 30
1 14 28
1 34 75
1 9 17
1 20 48
1 44 64
1 37 51
1 40 72
1 43 59
1 3 3
1 22 60
1 25 68
1 29 77
1 23 52
1 27 27
1 23 51
1 32 69
1 45 59
1 29 32
1 25 74
1 32 49
1 22 39
1 32 42
1 2 26
1 28 34
1 27 27
1 45 47
1 46 69
1 1 20
1 3 32
1 20 46
1 8 10
1 14 16
1 17 61
1 6 48
1 44 82
1 10 25
1 8 49
1 28 38
1 18 22
1 17 60
1 7 18
1 46 50
1 35 83
1 24 62
1 28 71
1 17 51
1 48 79
1 39 53
1 26 71
1 9 30
1 34 52
1 39 81
1 10 25
1 4 30
1 23 44
1 22 52
1 33 51
1 35 53
1 17 25
1 9 52
1 4 28
1 31 31
1 7 25
1 17 50
1 15 40
1 5 54
1 44 86
1 43 47
1 11 58
1 33 65
1 19 24
1 13 16
1 24 71
1 22 64
1 8 38
2 38 48
2 7 24
2 13 25
2 37 66
2 47 49
2 7 9
2 4 53
2 48 93
2 6 13
2 45 82
2 42 57
2 43 46
2 19 36
2 3 44
2 10 19
2 24 71
2 22 52
2 17 53
2 45 49
2 16 56
2 7 30
2 46 56
2 25 67
2 8 37
2 2 6
2 19 61
2 20 30
2 46 83
2 30 30
2 29 70
2 12 16
2 41 76
2 35 41
2 22 50
2 12 50
2 22 41
2 12 28
2 32 67
2 11 50
2 17 28
2 44 78
2 4 18
2 47 47
2 2 27
2 1 32
2 19 31
2 36 44
2 50 69
2 18 38
2 1 29
2 11 32
2 50 71
2 40 71
2 9 58
2 23 47
2 11 28
2 9 22
2 32 36
2 14 48
2 32 48
2 16 16
2 31 34
2 9 38
2 25 50
2 50 74
2 6 17
2 48 55
2 33 69
2 39 81
2 36 48
2 17 62
2 32 58
2 11 25
2 31 55
2 49 60
2 43 58
2 12 34
2 19 41
2 2 47
2 50 52
2 20 25
2 14 31
2 15 62
2 4 8
2 40 81
2 17 22
2 39 88
2 32 81
2 14 27
2 26 39
2 27 44
2 29 69
2 40 89
2 13 55
2 47 60
2 45 60
2 21 30
2 35 69
2 7 45
2 39 84
100 300 1
81 56 52 19 5 35 68 68 0 95 33 26 14 14 68 53 65 80 97 11 46 91 76 16 0 61 51 58 51 41 5 84 98 9 3 3 44 24 24 96 19 57 75 34 23 43 39 88 76 37 99 22 80 28 90 33 41 41 91 92 35 97 76 33 6 31 88 3 55 12 99 27 22 26 13 45 70 52 34 46 41 85 20 22 13 10 55 54 4 98 46 39 95 74 72 54 6 60 57 13
0 1 25
0 2 8
0 3 40
0 4 99
0 5 35
0 6 53
0 7 44
0 8 57
0 9 58
0 10 30
0 11 3
0 12 99
0 13 16
0 14 23
0 15 73
0 16 29
0 17 85
0 18 80
0 19 84
0 20 89
0 21 79
0 22 82
0 23 28
0 24 26
0 25 9
0 26 52
0 27 80
0 28 67
0 29 65
0 30 89
0 31 80
0 32 90
0 33 50
0 34 73
0 35 89
0 36 37
0 37 78
0 38 85
0 39 94
0 40 36
0 41 16
0 42 49
0 43 88
0 44 32
0 45 24
0 46 13
0 47 61
0 48 9
0 49 46
0 50 97
0 51 99
0 52 25
0 53 32
0 54 79
0 55 3
0 56 41
0 57 32
0 58 84
0 59 8
0 60 97
0 61 25
0 62 40
0 63 39
0 64 75
0 65 65
0 66 80
0 67 12
0 68 44
0 69 65
0 70 58
0 71 32
0 72 81
0 73 7
0 74 72
0 75 65
0 76 31
0 77 86
0 78 79
0 79 93
0 80 32
0 81 76
0 82 92
0 83 9
0 84 8
0 85 71
0 86 64
0 87 1
0 88 55
0 89 0
0 90 9
0 91 4
0 92 26
0 93 2
0 94 43
0 95 53
0 96 67
0 97 23
0 98 18
0 99 63
0 100 41
1 27 73
1 23 57
1 21 61
1 18 24
1 20 30
1 41 88
1 5 6
1 9 37
1 17 26
1 34 50
1 22 60
1 45 68
1 34 82
1 43 52
1 17 23
1 1 43
1 5 29
1 29 53
1 15 63
1 34 67
1 9 34
1 34 47
1 28 69
1 44 89
1 1 27
1 14 35
1 17 25
1 47 49
1 9 50
1 12 36
1 48 59
1 19 22
1 36 85
1 28 28
1 48 58
1 36 43
1 39 57
1 23 38
1 12 27
1 13 25
1 45 70
1 36 48
1 36 70
1 15 58
1 26 51
1 20 44
1 37 77
1 28 52
1 40 44
1 27 65
1 18 31
1 46 51
1 35 55
1 23 68
1 36 72
1 8 39
1 14 59
1 45 94
1 30 38
1 45 49
1 37 53
1 31 55
1 7 14
1 49 94
1 14 40
1 36 68
1 41 71
1 40 64
1 3 16
1 20 58
1 50 79
1 22 35
1 27 42
1 15 20
1 27 37
1 12 24
1 27 68
1 39 71
1 1 40
1 30 43
1 16 30
1 47 54
1 48 83
1 32 81
1 50 53
1 40 40
1 35 46
1 16 28
1 29 60
1 18 24
1 43 73
1 21 39
1 24 33
1 4 27
1 49 83
1 37 50
1 50 84
1 24 72
1 23 29
1 50 73
2 10 51
2 24 69
2 5 46
2 8 40
2 23 49
2 42 56
2 9 20
2 36 67
2 21 61
2 5 23
2 25 68
2 35 60
2 30 37
2 24 25
2 14 39
2 27 52
2 17 19
2 23 45
2 44 76
2 7 22
2 11 58
2 33 52
2 10 29
2 3 32
2 10 19
2 1 34
2 5 39
2 10 43
2 44 78
2 38 46
2 12 25
2 36 65
2 16 24
2 2 10
2 43 51
2 27 29
2 6 14
2 24 38
2 28 54
2 47 85
2 36 82
2 22 63
2 33 65
2 25 50
2 20 31
2 36 66
2 28 49
2 13 55
2 32 45
2 4 27
2 22 51
2 28 57
2 40 41
2 44 62
2 30 69
2 7 23
2 38 67
2 8 27
2 13 46
2 47 80
2 48 80
2 16 40
2 6 33
2 19 57
2 42 63
2 12 26
2 3 43
2 44 87
2 44 83
2 12 34
2 31 48
2 41 59
2 48 95
2 40 51
2 34 70
2 45 75
2 21 32
2 5 32
2 40 62
2 16 48
2 47 75
2 47 47
2 21 61
2 45 59
2 32 39
2 39 50
2 26 55
2 32 56
2 29 50
2 38 49
2 10 41
2 44 75
2 43 90
2 9 42
2 23 48
2 16 34
2 4 16
2 21 46
2 5 19
2 40 77
100 300 1
22 30 98 49 9 30 25 89 1 62 3 62 95 46 43 89 96 51 23 18 76 40 88 31 4 60 6 60 27 48 97 1 78 96 50 39 78 27 80 31 89 83 93 36 82 36 25 30 87 0 48 15 41 88 98 97 48 56 58 75 56 55 28 34 3 78 25 81 57 6 12 98 41 5 34 23 41 12 53 80 64 53 47 57 93 97 55 94 6 13 21 62 20 50 49 24 80 74 5 38
0 1 80
0 2 18
0 3 36
0 4 22
0 5 75
0 6 23
0 7 97
0 8 17
0 9 35
0 10 3
0 11 49
0 12 99
0 13 8
0 14 49
0 15 57
0 16 2
0 17 46
0 18 12
0 19 96
0 20 52
0 21 77
0 22 69
0 23 15
0 24 97
0 25 19
0 26 64
0 27 21
0 28 0
0 29 90
0 30 79
0 31 38
0 32 71
0 33 97
0 34 26
0 35 45
0 36 24
0 37 49
0 38 42
0 39 93
0 40 84
0 41 97
0 42 43
0 43 36
0 44 6
0 45 92
0 46 93
0 47 8
0 48 90
0 49 57
0 50 56
0 51 43
0 52 34
0 53 25
0 54 10
0 55 31
0 56 97
0 57 26
0 58 5
0 59 97
0 60 16
0 61 84
0 62 87
0 63 39
0 64 33
0 65 65
0 66 84
0 67 57
0 68 67
0 69 79
0 70 51
0 71 51
0 72 76
0 73 46
0 74 39
0 75 34
0 76 38
0 77 84
0 78 94
0 79 28
0 80 41
0 81 2
0 82 23
0 83 27
0 84 80
0 85 33
0 86 59
0 87 77
0 88 11
0 89 16
0 90 26
0 91 28
0 92 0
0 93 65
0 94 19
0 95 85
0 96 30
0 97 4
0 98 42
0 99 97
0 100 35
1 46 47
1 14 55
1 43 43
1 32 59
1 45 57
1 19 66
1 36 82
1 28 49
1 8 12
1 35 60
1 33 47
1 28 75
1 35 47
1 30 70
1 7 36
1 26 28
1 31 71
1 46 68
1 41 70
1 2 37
1 42 62
1 35 63
1 19 32
1 50 75
1 20 56
1 3 4
1 1 30
1 49 83
1 42 71
1 25 74
1 9 10
1 2 42
1 45 94
1 14 48
1 29 43
1 22 43
1 37 44
1 50 54
1 21 22
1 32 71
1 38 71
1 41 78
1 15 55
1 23 28
1 21 69
1 6 36
1 3 11
1 22 68
1 10 46
1 33 72
1 3 9
1 11 50
1 14 24
1 46 80
1 14 43
1 24 24
1 15 31
1 38 67
1 9 20
1 37 65
1 13 56
1 12 26
1 5 37
1 13 26
1 19 63
1 6 26
1 1 16
1 12 28
1 28 35
1 1 41
1 39 64
1 43 45
1 44 76
1 34 36
1 44 64
1 33 40
1 16 59
1 24 43
1 28 63
1 36 81
1 33 73
1 17 51
1 8 37
1 1 38
1 37 39
1 28 54
1 31 51
1 30 53
1 3 17
1 28 75
1 35 47
1 8 10
1 8 38
1 22 57
1 19 27
1 31 33
1 1 49
1 37 45
1 29 66
1 46 62
2 42 66
2 44 65
2 47 71
2 48 48
2 39 65
2 1 26
2 39 46
2 28 74
2 40 40
2 32 41
2 10 23
2 12 21
2 13 61
2 20 60
2 38 54
2 9 37
2 44 45
2 3 42
2 28 77
2 41 57
2 26 68
2 42 58
2 2 20
2 13 53
2 19 64
2 3 32
2 9 22
2 42 62
2 14 24
2 13 13
2 28 51
2 32 52
2 27 60
2 12 16
2 35 38
2 21 32
2 46 59
2 28 74
2 34 75
2 40 43
2 39 80
2 34 81
2 5 29
2 20 38
2 37 71
2 21 36
2 8 9
2 38 71
2 37 86
2 38 60
2 3 12
2 37 37
2 25 40
2 47 56
2 8 45
2 14 61
2 29 77
2 45 80
2 25 39
2 4 14
2 49 74
2 27 34
2 30 43
2 41 58
2 15 45
2 41 58
2 42 68
2 20 36
2 42 57
2 28 28
2 4 44
2 49 82
2 39 83
2 19 33
2 11 34
2 26 34
2 50 53
2 18 46
2 17 25
2 48 81
2 41 78
2 1 32
2 16 37
2 50 59
2 37 64
2 10 51
2 20 29
2 28 38
2 5 50
2 25 39
2 20 69
2 26 46
2 3 45
2 1 22
2 3 50
2 5 47
2 38 44
2 27 29
2 30 57
2 12 27
100 300 1
54 23 9 24 84 36 84 90 83 10 55 54 60 32 74 14 76 26 87 31 24 93 73 61 51 51 15 30 29 27 98 83 2 59 59 86 47 95 77 30 6 84 85 18 68 11 32 44 38 72 75 62 65 1 75 69 52 90 99 81 69 49 17 23 8 28 10 55 24 39 86 82 23 23 0 43 86 84 87 24 56 15 38 74 68 13 43 20 56 94 54 77 44 23 1 52 51 63 60 27
0 1 2
0 2 98
0 3 9
0 4 77
0 5 21
0 6 9
0 7 20
0 8 7
0 9 94
0 10 59
0 11 84
0 12 2
0 13 74
0 14 22
0 15 76
0 16 42
0 17 88
0 18 71
0 19 15
0 20 96
0 21 66
0 22 21
0 23 25
0 24 62
0 25 44
0 26 26
0 27 14
0 28 95
0 29 89
0 30 26
0 31 75
0 32 43
0 33 24
0 34 84
0 35 20
0 36 97
0 37 46
0 38 92
0 39 57
0 40 92
0 41 52
0 42 41
0 43 94
0 44 78
0 45 15
0 46 23
0 47 73
0 48 55
0 49 94
0 50 88
0 51 51
0 52 12
0 53 61
0 54 77
0 55 74
0 56 5
0 57 55
0 58 41
0 59 52
0 60 97
0 61 19
0 62 27
0 63 40
0 64 44
0 65 64
0 66 13
0 67 41
0 68 10
0 69 5
0 70 98
0 71 2
0 72 9
0 73 91
0 74 96
0 75 88
0 76 7
0 77 71
0 78 61
0 79 62
0 80 66
0 81 1
0 82 66
0 83 30
0 84 62
0 85 95
0 86 57
0 87 67
0 88 50
0 89 50
0 90 71
0 91 99
0 92 69
0 93 99
0 94 92
0 95 65
0 96 63
0 97 5
0 98 7
0 99 73
0 100 62
1 8 35
1 23 72
1 24 36
1 7 52
1 24 44
1 14 38
1 37 82
1 37 68
1 5 10
1 35 39
1 27 60
1 27 54
1 26 67
1 43 75
1 49 66
1 48 54
1 45 66
1 8 28
1 34 47
1 18 24
1 34 64
1 33 55
1 28 46
1 6 38
1 26 65
1 39 40
1 26 40
1 32 32
1 9 32
1 36 42
1 42 74
1 15 50
1 4 25
1 6 42
1 37 61
1 45 67
1 7 33
1 45 79
1 47 96
1 19 40
1 42 48
1 25 41
1 24 29
1 19 50
1 30 35
1 40 62
1 38 44
1 10 52
1 30 47
1 31 47
1 42 66
1 41 89
1 3 37
1 33 81
1 36 36
1 22 50
1 9 55
1 45 76
1 4 19
1 15 47
1 21 25
1 7 17
1 11 27
1 5 44
1 34 69
1 8 32
1 10 57
1 23 37
1 32 38
1 13 32
1 9 45
1 48 65
1 33 77
1 1 38
1 12 27
1 23 56
1 20 48
1 46 77
1 45 45
1 21 48
1 36 64
1 5 51
1 28 54
1 11 22
1 36 61
1 31 74
1 12 41
1 13 58
1 26 39
1 33 71
1 31 37
1 23 72
1 36 53
1 33 62
1 20 24
1 10 14
1 33 46
1 4 16
1 42 55
1 24 50
2 41 44
2 21 24
2 35 67
2 1 13
2 48 81
2 1 28
2 40 62
2 29 55
2 43 53
2 7 18
2 16 33
2 19 68
2 31 52
2 12 33
2 37 71
2 49 76
2 40 60
2 31 55
2 3 34
2 37 37
2 17 53
2 28 35
2 12 18
2 37 42
2 19 61
2 19 52
2 12 48
2 34 75
2 8 54
2 15 61
2 32 44
2 24 44
2 33 38
2 47 84
2 39 73
2 38 44
2 24 40
2 17 51
2 25 27
2 42 85
2 45 54
2 27 32
2 47 58
2 49 54
2 9 21
2 2 43
2 28 54
2 12 23
2 35 45
2 49 71
2 45 82
2 32 49
2 5 52
2 4 34
2 50 94
2 24 69
2 5 7
2 3 5
2 16 16
2 8 31
2 15 26
2 17 58
2 38 68
2 6 29
2 41 44
2 49 83
2 44 73
2 5 54
2 27 36
2 30 55
2 5 10
2 23 33
2 8 32
2 13 37
2 27 46
2 1 41
2 33 49
2 35 57
2 47 86
2 46 82
2 45 88
2 24 63
2 23 52
2 39 39
2 39 57
2 28 70
2 26 75
2 5 39
2 24 40
2 9 58
2 39 47
2 43 63
2 26 54
2 45 68
2 20 60
2 11 24
2 36 71
2 6 16
2 15 58
2 11 15
100 300 1
13 38 99 88 37 53 72 63 70 83 64 60 41 6 82 68 36 27 92 5 69 54 21 54 89 76 16 55 69 77 59 35 67 58 23 56 12 48 19 34 31 36 46 72 94 28 93 31 7 85 36 76 39 9 83 28 85 99 35 7 28 94 42 95 53 17 4 17 65 75 3 48 11 49 73 6 77 66 37 85 3 25 13 42 35 96 22 72 48 57 31 28 51 73 24 56 43 80 25 60
0 1 55
0 2 28
0 3 9
0 4 67
0 5 77
0 6 34
0 7 73
0 8 55
0 9 0
0 10 62
0 11 92
0 12 3
0 13 87
0 14 57
0 15 97
0 16 74
0 17 54
0 18 19
0 19 47
0 20 54
0 21 28
0 22 78
0 23 82
0 24 31
0 25 4
0 26 58
0 27 40
0 28 99
0 29 38
0 30 65
0 31 59
0 32 46
0 33 94
0 34 20
0 35 13
0 36 71
0 37 54
0 38 38
0 39 78
0 40 6
0 41 52
0 42 70
0 43 61
0 44 39
0 45 28
0 46 58
0 47 66
0 48 34
0 49 29
0 50 65
0 51 40
0 52 9
0 53 43
0 54 22
0 55 41
0 56 99
0 57 33
0 58 81
0 59 50
0 60 23
0 61 46
0 62 10
0 63 69
0 64 40
0 65 82
0 66 82
0 67 64
0 68 89
0 69 72
0 70 42
0 71 95
0 72 24
0 73 65
0 74 9
0 75 16
0 76 45
0 77 67
0 78 82
0 79 31
0 80 49
0 81 47
0 82 71
0 83 58
0 84 42
0 85 45
0 86 51
0 87 94
0 88 78
0 89 32
0 90 44
0 91 2
0 92 31
0 93 6
0 94 71
0 95 23
0 96 41
0 97 6
0 98 87
0 99 30
0 100 30
1 31 58
1 6 51
1 37 60
1 43 49
1 6 29
1 8 12
1 45 60
1 47 88
1 20 60
1 21 22
1 38 62
1 35 78
1 46 54
1 35 38
1 46 62
1 35 62
1 45 86
1 25 57
1 15 31
1 41 62
1 40 87
1 26 61
1 16 37
1 28 62
1 15 64
1 38 39
1 24 46
1 47 67
1 33 64
1 25 52
1 50 60
1 6 49
1 2 33
1 27 44
1 49 67
1 39 78
1 17 30
1 26 57
1 37 41
1 18 18
1 4 8
1 4 30
1 29 31
1 47 57
1 36 58
1 39 73
1 35 80
1 29 64
1 29 35
1 5 31
1 25 67
1 17 59
1 8 51
1 26 70
1 50 92
1 47 49
1 48 48
1 31 58
1 3 31
1 39 76
1 2 30
1 24 59
1 24 25
1 24 27
1 10 39
1 31 67
1 23 71
1 29 58
1 44 48
1 26 68
1 49 71
1 47 92
1 25 51
1 24 52
1 5 18
1 18 25
1 42 82
1 46 62
1 43 63
1 20 23
1 50 51
1 40 61
1 50 70
1 4 48
1 27 55
1 37 61
1 3 35
1 23 49
1 11 58
1 5 20
1 11 32
1 25 26
1 13 32
1 20 26
1 40 78
1 10 51
1 41 42
1 13 54
1 24 41
1 37 86
2 49 71
2 26 26
2 8 55
2 28 45
2 47 78
2 35 41
2 4 15
2 10 27
2 31 59
2 24 46
2 20 54
2 14 23
2 38 65
2 1 11
2 48 86
2 12 57
2 14 51
2 46 66
2 37 59
2 40 73
2 7 33
2 42 53
2 38 39
2 29 48
2 32 33
2 42 42
2 38 44
2 12 37
2 37 51
2 38 71
2 3 52
2 29 44
2 39 62
2 38 64
2 49 76
2 10 14
2 4 7
2 16 56
2 7 52
2 10 47
2 49 52
2 41 76
2 12 15
2 11 58
2 18 18
2 31 51
2 50 58
2 38 75
2 35 60
2 14 46
2 3 28
2 39 46
2 31 36
2 50 86
2 1 11
2 26 74
2 16 33
2 36 63
2 22 70
2 25 63
2 49 54
2 11 60
2 16 64
2 39 88
2 24 27
2 34 61
2 29 50
2 37 45
2 29 64
2 47 77
2 48 70
2 31 44
2 40 56
2 41 53
2 15 29
2 2 16
2 22 35
2 14 51
2 12 13
2 39 75
2 5 27
2 16 51
2 46 47
2 46 72
2 39 81
2 7 43
2 17 54
2 50 57
2 4 43
2 21 40
2 6 29
2 36 65
2 37 85
2 19 19
2 2 8
2 39 44
2 31 37
2 43 71
2 10 48
2 5 53
100 300 1
32 60 84 0 97 85 57 2 76 79 73 83 52 8 12 41 56 80 91 59 89 31 17 19 87 59 97 97 49 3 95 33 64 31 33 13 68 43 16 96 74 89 79 79 50 44 20 58 24 63 18 65 94 35 85 34 46 34 31 96 38 78 81 54 61 67 67 81 62 35 77 36 77 56 15 27 0 35 37 77 98 55 42 45 42 79 79 89 66 62 37 56 40 18 10 53 85 29 34 47
0 1 17
0 2 11
0 3 36
0 4 94
0 5 19
0 6 51
0 7 73
0 8 72
0 9 39
0 10 10
0 11 49
0 12 37
0 13 18
0 14 43
0 15 34
0 16 60
0 17 75
0 18 13
0 19 49
0 20 41
0 21 75
0 22 38
0 23 97
0 24 67
0 25 57
0 26 59
0 27 20
0 28 94
0 29 88
0 30 54
0 31 94
0 32 5
0 33 17
0 34 30
0 35 51
0 36 37
0 37 33
0 38 76
0 39 9
0 40 72
0 41 39
0 42 10
0 43 62
0 44 57
0 45 5
0 46 96
0 47 69
0 48 80
0 49 62
0 50 71
0 51 73
0 52 89
0 53 9
0 54 22
0 55 9
0 56 66
0 57 81
0 58 29
0 59 13
0 60 70
0 61 36
0 62 7
0 63 27
0 64 5
0 65 89
0 66 31
0 67 42
0 68 22
0 69 7
0 70 3
0 71 47
0 72 46
0 73 65
0 74 9
0 75 55
0 76 71
0 77 57
0 78 25
0 79 3
0 80 71
0 81 48
0 82 77
0 83 61
0 84 57
0 85 51
0 86 22
0 87 76
0 88 33
0 89 51
0 90 89
0 91 55
0 92 39
0 93 48
0 94 82
0 95 97
0 96 89
0 97 65
0 98 91
0 99 63
0 100 73
1 46 56
1 22 34
1 22 51
1 36 65
1 7 46
1 1 5
1 19 32
1 12 31
1 36 73
1 5 44
1 29 38
1 31 59
1 45 72
1 18 27
1 20 51
1 35 51
1 44 50
1 29 44
1 38 52
1 45 88
1 6 52
1 50 73
1 13 25
1 45 92
1 1 50
1 39 69
1 11 30
1 10 14
1 49 75
1 15 32
1 10 58
1 34 37
1 7 21
1 19 62
1 29 43
1 39 72
1 11 48
1 9 31
1 1 5
1 23 25
1 6 16
1 35 51
1 32 75
1 21 51
1 23 59
1 48 79
1 36 69
1 35 78
1 48 50
1 38 65
1 19 46
1 13 42
1 18 40
1 4 23
1 27 54
1 22 56
1 41 46
1 1 22
1 2 22
1 4 27
1 8 11
1 5 49
1 39 80
1 38 75
1 46 72
1 15 29
1 5 33
1 46 67
1 1 1
1 43 71
1 29 42
1 13 33
1 21 35
1 44 67
1 36 83
1 47 91
1 1 4
1 39 77
1 47 74
1 26 67
1 5 46
1 6 16
1 20 22
1 34 55
1 4 29
1 2 35
1 41 57
1 4 16
1 33 79
1 37 56
1 44 78
1 14 59
1 40 43
1 36 71
1 34 46
1 28 65
1 4 38
1 50 74
1 38 70
1 48 88
2 10 11
2 24 73
2 20 46
2 12 13
2 25 74
2 22 40
2 35 69
2 16 41
2 41 42
2 12 35
2 14 52
2 13 32
2 23 34
2 46 57
2 46 89
2 2 6
2 47 73
2 6 21
2 3 21
2 17 46
2 21 58
2 48 52
2 25 39
2 32 48
2 16 58
2 40 71
2 33 36
2 1 8
2 17 62
2 19 30
2 41 61
2 18 54
2 49 73
2 2 5
2 43 63
2 33 45
2 10 39
2 19 52
2 44 44
2 2 13
2 45 87
2 43 70
2 46 90
2 35 46
2 40 42
2 25 57
2 25 66
2 19 42
2 16 38
2 27 37
2 43 51
2 25 26
2 40 85
2 38 72
2 46 84
2 48 89
2 32 71
2 19 47
2 36 40
2 41 68
2 8 22
2 10 43
2 9 38
2 7 30
2 2 36
2 36 79
2 45 55
2 48 81
2 6 40
2 21 23
2 23 40
2 44 49
2 10 24
2 35 79
2 19 45
2 22 49
2 41 73
2 12 60
2 13 32
2 25 38
2 7 16
2 10 10
2 22 28
2 37 63
2 41 47
2 31 45
2 26 52
2 21 55
2 41 47
2 32 40
2 33 37
2 39 63
2 38 87
2 24 73
2 21 70
2 13 39
2 9 30
2 28 58
2 30 45
2 9 28
100 300 1
23 89 84 48 65 56 35 7 64 66 17 96 20 55 20 57 54 45 58 75 94 73 51 55 96 30 35 76 95 95 45 18 36 81 19 53 89 54 60 53 72 78 1 92 33 22 2 40 19 12 67 14 85 70 69 82 1 56 10 48 51 55 19 40 89 38 93 78 44 54 84 16 32 85 60 17 59 14 57 79 27 76 45 64 47 66 98 48 22 8 48 25 16 67 65 5 57 59 35 53
0 1 65
0 2 71
0 3 69
0 4 49
0 5 57
0 6 82
0 7 66
0 8 68
0 9 48
0 10 76
0 11 99
0 12 27
0 13 52
0 14 44
0 15 92
0 16 99
0 17 10
0 18 42
0 19 99
0 20 84
0 21 51
0 22 0
0 23 62
0 24 19
0 25 19
0 26 79
0 27 76
0 28 77
0 29 90
0 30 11
0 31 30
0 32 55
0 33 83
0 34 52
0 35 4
0 36 92
0 37 86
0 38 23
0 39 60
0 40 34
0 41 99
0 42 60
0 43 62
0 44 3
0 45 56
0 46 6
0 47 3
0 48 19
0 49 48
0 50 54
0 51 55
0 52 51
0 53 54
0 54 69
0 55 70
0 56 74
0 57 49
0 58 46
0 59 3
0 60 91
0 61 10
0 62 33
0 63 47
0 64 45
0 65 37
0 66 3
0 67 37
0 68 75
0 69 26
0 70 49
0 71 10
0 72 77
0 73 61
0 74 24
0 75 81
0 76 70
0 77 30
0 78 36
0 79 89
0 80 78
0 81 90
0 82 44
0 83 30
0 84 45
0 85 14
0 86 52
0 87 71
0 88 15
0 89 99
0 90 74
0 91 6
0 92 61
0 93 59
0 94 5
0 95 6
0 96 97
0 97 9
0 98 95
0 99 72
0 100 87
1 47 81
1 18 26
1 9 57
1 29 67
1 37 56
1 20 46
1 16 17
1 24 55
1 4 48
1 47 51
1 21 26
1 16 46
1 11 32
1 30 51
1 19 22
1 10 25
1 39 65
1 24 70
1 27 30
1 38 50
1 25 31
1 41 80
1 10 26
1 22 34
1 13 32
1 20 53
1 25 59
1 14 49
1 9 53
1 7 33
1 48 65
1 42 77
1 46 62
1 35 56
1 22 43
1 36 81
1 30 58
1 38 76
1 45 53
1 3 11
1 28 49
1 42 44
1 7 13
1 40 56
1 1 46
1 43 91
1 14 50
1 36 46
1 5 24
1 33 61
1 43 62
1 24 45
1 48 58
1 10 53
1 21 33
1 5 53
1 36 83
1 3 44
1 5 46
1 8 14
1 39 41
1 7 10
1 41 85
1 15 59
1 14 60
1 23 29
1 18 66
1 30 47
1 11 50
1 11 44
1 4 18
1 32 70
1 13 48
1 33 51
1 27 68
1 27 41
1 46 81
1 19 54
1 30 62
1 33 77
1 31 37
1 3 52
1 5 37
1 17 34
1 24 51
1 1 29
1 44 77
1 19 26
1 21 23
1 28 74
1 45 51
1 13 52
1 42 74
1 28 50
1 17 26
1 19 67
1 16 37
1 49 71
1 6 20
1 42 72
2 44 87
2 11 50
2 29 57
2 47 95
2 32 58
2 47 74
2 33 41
2 19 42
2 44 89
2 48 59
2 7 24
2 11 35
2 41 51
2 49 94
2 25 64
2 28 48
2 33 70
2 10 22
2 17 24
2 11 60
2 34 40
2 29 44
2 15 61
2 41 50
2 45 84
2 22 24
2 8 41
2 27 74
2 44 68
2 46 63
2 16 38
2 40 89
2 11 11
2 12 40
2 9 30
2 30 73
2 28 35
2 10 54
2 6 7
2 6 7
2 42 68
2 7 7
2 10 42
2 48 50
2 10 52
2 23 49
2 18 31
2 27 56
2 15 54
2 8 30
2 14 52
2 16 58
2 48 74
2 37 41
2 31 75
2 7 30
2 21 33
2 24 56
2 47 67
2 37 44
2 16 26
2 35 67
2 25 37
2 14 52
2 4 24
2 13 29
2 11 40
2 10 19
2 9 56
2 14 52
2 42 63
2 12 26
2 36 70
2 47 81
2 7 41
2 42 65
2 46 73
2 8 29
2 40 60
2 10 55
2 43 66
2 12 16
2 3 23
2 14 24
2 21 48
2 1 12
2 49 60
2 26 62
2 48 71
2 21 27
2 11 22
2 30 35
2 42 81
2 27 59
2 10 47
2 28 32
2 13 52
2 9 23
2 12 34
2 28 59
100 300 1
51 27 43 49 41 70 37 38 46 57 94 6 21 76 63 12 65 41 94 26 80 72 32 42 13 91 58 74 65 37 6 16 65 1 17 58 71 55 48 69 12 43 75 33 71 90 97 88 83 92 14 63 16 99 57 29 90 16 3 55 53 9 71 70 10 88 80 34 95 29 3 8 72 31 93 95 73 43 83 57 35 49 72 3 48 30 32 90 98 87 45 3 97 68 26 59 9 6 45 4
0 1 35
0 2 49
0 3 64
0 4 59
0 5 32
0 6 10
0 7 54
0 8 5
0 9 53
0 10 89
0 11 14
0 12 40
0 13 91
0 14 87
0 15 43
0 16 91
0 17 69
0 18 27
0 19 82
0 20 19
0 21 14
0 22 79
0 23 22
0 24 11
0 25 48
0 26 48
0 27 23
0 28 9
0 29 7
0 30 68
0 31 13
0 32 42
0 33 69
0 34 30
0 35 54
0 36 1
0 37 40
0 38 60
0 39 59
0 40 45
0 41 50
0 42 25
0 43 85
0 44 93
0 45 12
0 46 80
0 47 84
0 48 33
0 49 7
0 50 66
0 51 52
0 52 21
0 53 98
0 54 27
0 55 85
0 56 98
0 57 27
0 58 60
0 59 7
0 60 34
0 61 28
0 62 72
0 63 29
0 64 50
0 65 2
0 66 83
0 67 3
0 68 94
0 69 43
0 70 62
0 71 39
0 72 45
0 73 88
0 74 24
0 75 38
0 76 52
0 77 4
0 78 23
0 79 38
0 80 63
0 81 41
0 82 42
0 83 85
0 84 39
0 85 21
0 86 22
0 87 37
0 88 49
0 89 82
0 90 44
0 91 35
0 92 62
0 93 69
0 94 16
0 95 12
0 96 71
0 97 99
0 98 16
0 99 66
0 100 95
1 31 38
1 43 63
1 33 64
1 26 64
1 7 22
1 5 54
1 8 47
1 40 71
1 12 40
1 33 78
1 26 43
1 8 52
1 35 57
1 18 53
1 41 76
1 33 55
1 44 71
1 44 71
1 9 29
1 18 34
1 36 57
1 16 60
1 13 19
1 26 51
1 38 45
1 21 33
1 28 58
1 9 22
1 3 28
1 1 43
1 14 49
1 15 23
1 13 22
1 36 58
1 30 34
1 41 57
1 27 34
1 14 52
1 15 55
1 17 20
1 1 37
1 18 45
1 17 42
1 43 63
1 3 47
1 15 32
1 30 59
1 26 69
1 41 53
1 16 38
1 18 25
1 39 82
1 16 19
1 34 65
1 45 94
1 35 79
1 39 40
1 24 30
1 27 44
1 28 58
1 12 53
1 49 92
1 23 46
1 37 50
1 37 41
1 36 41
1 12 37
1 1 27
1 30 63
1 8 33
1 36 79
1 20 45
1 45 89
1 32 54
1 12 22
1 6 28
1 3 6
1 18 44
1 29 33
1 42 58
1 11 37
1 22 43
1 5 26
1 1 36
1 8 15
1 11 53
1 2 33
1 20 67
1 26 26
1 21 59
1 12 39
1 13 28
1 31 61
1 42 52
1 37 70
1 28 74
1 12 60
1 18 35
1 21 38
1 5 32
2 28 42
2 22 52
2 48 88
2 28 50
2 43 92
2 13 16
2 27 52
2 21 29
2 6 20
2 20 61
2 50 96
2 40 52
2 45 51
2 33 49
2 27 63
2 44 47
2 2 18
2 34 82
2 7 19
2 24 73
2 13 50
2 5 45
2 13 40
2 50 69
2 44 62
2 13 55
2 15 16
2 7 17
2 11 49
2 28 64
2 26 48
2 40 68
2 40 64
2 27 74
2 37 38
2 49 49
2 42 47
2 42 45
2 33 73
2 26 51
2 11 48
2 20 44
2 40 65
2 37 86
2 17 30
2 38 79
2 39 67
2 20 47
2 3 50
2 27 67
2 2 27
2 42 84
2 31 65
2 46 60
2 27 47
2 42 78
2 11 21
2 13 14
2 38 86
2 3 6
2 15 54
2 45 47
2 18 33
2 32 53
2 14 21
2 14 30
2 35 39
2 9 23
2 41 46
2 29 45
2 29 48
2 3 41
2 32 46
2 42 61
2 16 59
2 25 54
2 33 54
2 34 35
2 37 51
2 25 26
2 24 61
2 18 26
2 45 72
2 25 59
2 34 37
2 4 15
2 25 30
2 2 10
2 23 65
2 30 67
2 36 39
2 17 36
2 25 26
2 23 36
2 18 64
2 17 57
2 36 72
2 1 30
2 14 39
2 17 63
100 300 1
80 69 59 6 74 60 14 98 52 93 85 39 49 53 58 75 54 82 40 71 28 7 64 64 43 64 45 8 91 61 7 23 82 66 30 9 79 96 7 83 42 93 23 91 98 33 66 53 68 7 24 96 66 40 12 61 5 10 69 48 23 28 72 6 95 54 67 26 2 74 9 44 19 84 35 18 70 54 23 38 13 47 86 79 40 51 92 97 61 61 45 36 90 69 42 37 23 61 15 26
0 1 36
0 2 24
0 3 22
0 4 7
0 5 61
0 6 10
0 7 25
0 8 83
0 9 64
0 10 48
0 11 21
0 12 29
0 13 48
0 14 59
0 15 8
0 16 88
0 17 10
0 18 0
0 19 85
0 20 23
0 21 13
0 22 82
0 23 60
0 24 55
0 25 52
0 26 54
0 27 44
0 28 27
0 29 16
0 30 59
0 31 5
0 32 4
0 33 36
0 34 28
0 35 11
0 36 49
0 37 38
0 38 89
0 39 32
0 40 54
0 41 89
0 42 53
0 43 83
0 44 37
0 45 12
0 46 43
0 47 77
0 48 75
0 49 95
0 50 14
0 51 98
0 52 8
0 53 49
0 54 10
0 55 16
0 56 1
0 57 65
0 58 12
0 59 28
0 60 33
0 61 72
0 62 34
0 63 37
0 64 60
0 65 14
0 66 0
0 67 9
0 68 52
0 69 89
0 70 41
0 71 6
0 72 79
0 73 46
0 74 89
0 75 68
0 76 10
0 77 32
0 78 98
0 79 85
0 80 27
0 81 12
0 82 36
0 83 87
0 84 61
0 85 46
0 86 55
0 87 14
0 88 63
0 89 68
0 90 95
0 91 48
0 92 92
0 93 81
0 94 85
0 95 52
0 96 95
0 97 38
0 98 13
0 99 47
0 100 27
1 5 10
1 7 7
1 45 72
1 13 41
1 26 74
1 8 47
1 35 81
1 4 36
1 3 20
1 49 71
1 13 59
1 15 60
1 35 53
1 41 63
1 32 69
1 2 39
1 45 55
1 40 78
1 38 39
1 19 31
1 2 29
1 4 39
1 25 31
1 21 49
1 27 47
1 1 41
1 17 33
1 37 39
1 37 63
1 25 42
1 17 43
1 7 17
1 37 82
1 2 27
1 49 68
1 40 40
1 48 90
1 38 61
1 2 9
1 2 29
1 28 31
1 18 64
1 20 23
1 49 54
1 33 58
1 25 73
1 2 32
1 11 50
1 28 39
1 15 40
1 34 37
1 26 58
1 48 61
1 8 56
1 23 31
1 26 28
1 14 59
1 49 83
1 1 49
1 42 74
1 24 41
1 33 57
1 48 91
1 16 42
1 7 36
1 4 45
1 35 66
1 24 56
1 45 75
1 31 49
1 41 49
1 21 24
1 4 24
1 40 43
1 20 50
1 39 81
1 48 68
1 20 66
1 16 50
1 25 47
1 17 45
1 14 14
1 10 49
1 35 40
1 22 39
1 26 38
1 26 72
1 18 48
1 19 28
1 34 73
1 40 63
1 33 72
1 45 48
1 36 45
1 38 48
1 34 39
1 41 90
1 7 56
1 41 83
1 7 18
2 10 41
2 26 62
2 30 75
2 19 67
2 5 7
2 38 81
2 28 49
2 33 54
2 25 45
2 34 48
2 33 51
2 20 42
2 18 45
2 24 31
2 21 50
2 22 53
2 11 57
2 21 61
2 42 80
2 41 86
2 43 72
2 42 62
2 4 29
2 44 73
2 46 72
2 44 73
2 46 59
2 2 16
2 43 67
2 25 39
2 4 49
2 47 63
2 42 60
2 9 44
2 7 7
2 33 34
2 32 55
2 22 56
2 2 16
2 15 63
2 44 53
2 29 67
2 25 54
2 5 22
2 7 35
2 32 43
2 24 53
2 28 45
2 48 85
2 3 9
2 38 72
2 8 29
2 11 41
2 6 17
2 45 66
2 10 49
2 32 69
2 30 37
2 20 54
2 25 52
2 13 21
2 39 77
2 38 56
2 6 43
2 6 15
2 46 91
2 44 46
2 19 24
2 33 56
2 17 45
2 48 76
2 19 49
2 18 65
2 38 74
2 34 48
2 14 60
2 23 27
2 37 48
2 23 64
2 1 30
2 1 46
2 27 72
2 50 94
2 4 35
2 21 42
2 13 30
2 50 82
2 50 67
2 32 68
2 6 21
2 3 22
2 14 40
2 26 75
2 39 86
2 43 83
2 27 71
2 37 42
2 42 77
2 50 94
2 20 41
100 300 1
16 83 40 15 65 39 84 96 28 90 63 80 61 26 7 36 27 97 35 69 39 13 13 75 68 5 63 20 51 84 91 67 67 32 35 84 71 19 32 99 61 96 32 22 74 39 10 2 88 45 23 27 59 89 55 27 94 70 47 45 54 91 65 73 23 0 9 46 71 41 46 33 89 30 55 64 69 18 18 9 63 41 36 22 82 43 2 76 13 1 74 19 92 91 92 67 91 1 14 62
0 1 95
0 2 12
0 3 47
0 4 84
0 5 42
0 6 55
0 7 0
0 8 63
0 9 73
0 10 18
0 11 72
0 12 36
0 13 12
0 14 60
0 15 11
0 16 94
0 17 4
0 18 65
0 19 23
0 20 17
0 21 18
0 22 49
0 23 37
0 24 11
0 25 40
0 26 81
0 27 30
0 28 83
0 29 83
0 30 44
0 31 97
0 32 78
0 33 56
0 34 45
0 35 14
0 36 98
0 37 0
0 38 15
0 39 61
0 40 25
0 41 85
0 42 85
0 43 13
0 44 49
0 45 46
0 46 24
0 47 96
0 48 50
0 49 41
0 50 19
0 51 67
0 52 60
0 53 20
0 54 56
0 55 23
0 56 60
0 57 38
0 58 53
0 59 43
0 60 73
0 61 98
0 62 40
0 63 3
0 64 6
0 65 37
0 66 17
0 67 57
0 68 37
0 69 84
0 70 70
0 71 62
0 72 70
0 73 56
0 74 76
0 75 71
0 76 2
0 77 52
0 78 67
0 79 4
0 80 94
0 81 38
0 82 71
0 83 6
0 84 58
0 85 80
0 86 29
0 87 70
0 88 18
0 89 34
0 90 65
0 91 43
0 92 32
0 93 6
0 94 46
0 95 91
0 96 95
0 97 15
0 98 48
0 99 33
0 100 0
1 19 66
1 23 47
1 26 69
1 29 57
1 12 44
1 25 74
1 7 39
1 11 47
1 12 42
1 7 52
1 49 98
1 31 37
1 48 71
1 2 14
1 22 56
1 13 54
1 35 69
1 19 28
1 29 75
1 40 81
1 30 45
1 43 80
1 48 52
1 24 34
1 38 69
1 9 44
1 33 73
1 42 71
1 14 56
1 42 76
1 30 34
1 28 41
1 41 86
1 25 45
1 43 59
1 12 35
1 32 38
1 11 40
1 11 46
1 42 89
1 17 66
1 33 81
1 40 63
1 28 30
1 19 39
1 39 86
1 25 41
1 13 30
1 12 48
1 38 43
1 3 4
1 29 65
1 8 48
1 16 33
1 26 32
1 18 61
1 9 58
1 44 91
1 26 46
1 3 46
1 44 84
1 41 60
1 9 11
1 37 57
1 41 65
1 26 71
1 28 34
1 32 66
1 47 95
1 4 26
1 7 27
1 18 32
1 21 32
1 15 60
1 34 50
1 39 65
1 9 39
1 47 64
1 35 67
1 40 64
1 9 25
1 22 57
1 23 27
1 22 43
1 5 30
1 44 55
1 46 56
1 28 45
1 24 65
1 15 22
1 10 14
1 34 52
1 37 66
1 38 58
1 15 41
1 48 70
1 45 65
1 9 28
1 26 57
1 41 70
2 7 40
2 43 47
2 46 66
2 24 43
2 12 52
2 29 52
2 47 58
2 42 75
2 44 74
2 4 11
2 7 9
2 30 32
2 24 63
2 22 22
2 22 33
2 30 59
2 47 69
2 34 76
2 45 54
2 14 19
2 50 91
2 31 76
2 5 26
2 31 78
2 2 36
2 5 14
2 39 75
2 13 24
2 26 59
2 12 60
2 48 91
2 29 72
2 18 31
2 38 49
2 23 25
2 19 42
2 46 95
2 22 22
2 23 24
2 48 72
2 38 40
2 36 64
2 39 88
2 40 55
2 36 39
2 15 47
2 49 93
2 26 41
2 10 25
2 27 61
2 18 64
2 8 21
2 46 76
2 14 32
2 35 47
2 45 66
2 17 48
2 50 56
2 32 73
2 23 39
2 47 85
2 1 45
2 35 62
2 12 55
2 43 82
2 28 40
2 36 73
2 26 57
2 18 58
2 2 3
2 3 48
2 26 45
2 27 53
2 26 35
2 20 69
2 28 43
2 40 67
2 12 35
2 8 30
2 18 19
2 12 58
2 14 61
2 34 74
2 31 34
2 31 62
2 5 40
2 27 58
2 7 11
2 9 42
2 15 42
2 34 77
2 46 70
2 22 28
2 49 79
2 32 49
2 32 74
2 14 61
2 42 89
2 38 59
2 1 21
100 300 1
52 56 7 80 40 13 37 50 46 1 29 81 94 24 56 67 83 6 99 14 73 31 6 36 28 98 85 67 71 37 89 24 94 96 56 34 9 93 36 8 46 65 41 93 90 49 12 73 55 12 87 80 43 45 69 23 95 54 42 67 92 32 43 38 28 99 24 90 45 60 50 91 25 91 36 67 93 49 40 0 61 79 81 56 77 50 31 72 56 73 39 48 57 82 86 86 34 10 28 79
0 1 22
0 2 78
0 3 22
0 4 48
0 5 69
0 6 59
0 7 15
0 8 14
0 9 60
0 10 8
0 11 15
0 12 21
0 13 87
0 14 96
0 15 77
0 16 16
0 17 98
0 18 60
0 19 89
0 20 54
0 21 33
0 22 80
0 23 55
0 24 43
0 25 15
0 26 41
0 27 29
0 28 49
0 29 4
0 30 57
0 31 80
0 32 26
0 33 87
0 34 54
0 35 26
0 36 56
0 37 65
0 38 42
0 39 71
0 40 25
0 41 50
0 42 38
0 43 46
0 44 89
0 45 34
0 46 75
0 47 6
0 48 84
0 49 87
0 50 47
0 51 38
0 52 73
0 53 27
0 54 45
0 55 16
0 56 42
0 57 39
0 58 97
0 59 43
0 60 95
0 61 54
0 62 75
0 63 21
0 64 93
0 65 30
0 66 0
0 67 1
0 68 95
0 69 42
0 70 72
0 71 73
0 72 44
0 73 62
0 74 71
0 75 85
0 76 96
0 77 99
0 78 43
0 79 32
0 80 86
0 81 90
0 82 23
0 83 59
0 84 70
0 85 68
0 86 75
0 87 12
0 88 7
0 89 72
0 90 8
0 91 2
0 92 78
0 93 83
0 94 76
0 95 71
0 96 13
0 97 76
0 98 73
0 99 61
0 100 70
1 48 82
1 17 27
1 8 11
1 9 15
1 50 93
1 44 85
1 17 21
1 12 48
1 31 57
1 45 49
1 35 83
1 36 53
1 27 33
1 34 38
1 32 78
1 27 58
1 33 77
1 44 83
1 49 50
1 47 94
1 47 88
1 39 51
1 46 48
1 50 77
1 29 74
1 33 47
1 46 63
1 32 56
1 26 42
1 29 36
1 13 20
1 41 85
1 2 35
1 35 84
1 37 69
1 49 82
1 24 61
1 48 66
1 42 88
1 47 66
1 44 74
1 34 75
1 48 64
1 16 38
1 36 79
1 32 79
1 1 22
1 43 47
1 7 35
1 4 47
1 11 13
1 27 60
1 42 65
1 2 36
1 23 72
1 4 21
1 30 68
1 9 37
1 7 30
1 4 45
1 20 54
1 42 63
1 9 42
1 26 40
1 12 41
1 10 31
1 34 69
1 7 33
1 12 21
1 11 44
1 10 25
1 1 41
1 6 17
1 20 31
1 35 57
1 6 9
1 9 55
1 26 42
1 32 32
1 34 78
1 32 74
1 16 32
1 31 54
1 43 84
1 33 35
1 27 68
1 20 48
1 33 57
1 40 41
1 39 65
1 26 69
1 30 63
1 42 48
1 1 23
1 10 45
1 17 57
1 30 63
1 10 19
1 7 8
1 3 43
2 7 37
2 33 58
2 12 28
2 3 3
2 20 60
2 27 71
2 36 44
2 28 54
2 17 46
2 1 26
2 17 35
2 19 65
2 2 29
2 8 17
2 29 39
2 50 86
2 43 76
2 13 16
2 2 18
2 7 29
2 7 39
2 17 58
2 43 89
2 20 29
2 28 47
2 35 79
2 38 40
2 43 83
2 32 81
2 2 12
2 12 14
2 47 51
2 37 47
2 8 47
2 27 40
2 13 47
2 49 79
2 28 68
2 29 75
2 2 10
2 16 54
2 3 7
2 41 85
2 47 69
2 46 93
2 35 42
2 1 33
2 12 50
2 46 66
2 30 53
2 37 78
2 11 45
2 25 62
2 27 31
2 35 63
2 13 14
2 17 33
2 7 15
2 13 17
2 33 41
2 3 21
2 18 22
2 4 32
2 43 91
2 1 22
2 24 60
2 16 49
2 21 62
2 22 71
2 46 53
2 28 38
2 9 54
2 27 43
2 6 45
2 22 62
2 50 75
2 9 25
2 30 41
2 47 68
2 12 58
2 45 82
2 34 43
2 21 26
2 3 46
2 5 5
2 1 34
2 11 20
2 29 65
2 26 62
2 28 76
2 27 53
2 24 58
2 45 47
2 49 89
2 26 35
2 38 58
2 47 67
2 32 51
2 28 62
2 13 45
100 300 1
34 13 65 96 74 96 32 51 82 62 50 58 90 25 44 85 28 92 25 55 54 62 75 2 34 9 23 12 45 36 96 31 1 13 27 27 9 11 78 43 73 80 1 64 6 98 49 86 90 26 41 96 89 69 51 75 78 74 39 23 62 35 54 15 1 33 42 10 44 21 54 18 1 7 34 7 5 35 45 48 61 87 96 2 56 47 78 86 22 69 9 36 57 15 52 58 48 94 68 44
0 1 15
0 2 74
0 3 14
0 4 69
0 5 82
0 6 48
0 7 28
0 8 39
0 9 83
0 10 74
0 11 87
0 12 97
0 13 13
0 14 84
0 15 99
0 16 21
0 17 83
0 18 29
0 19 7
0 20 57
0 21 99
0 22 16
0 23 94
0 24 8
0 25 83
0 26 46
0 27 66
0 28 83
0 29 92
0 30 86
0 31 27
0 32 60
0 33 61
0 34 42
0 35 29
0 36 95
0 37 90
0 38 9
0 39 34
0 40 26
0 41 83
0 42 74
0 43 23
0 44 48
0 45 10
0 46 74
0 47 69
0 48 93
0 49 4
0 50 76
0 51 51
0 52 3
0 53 44
0 54 97
0 55 63
0 56 27
0 57 95
0 58 29
0 59 62
0 60 87
0 61 15
0 62 90
0 63 47
0 64 28
0 65 32
0 66 28
0 67 75
0 68 74
0 69 38
0 70 62
0 71 52
0 72 73
0 73 36
0 74 27
0 75 22
0 76 46
0 77 2
0 78 91
0 79 91
0 80 6
0 81 20
0 82 42
0 83 61
0 84 64
0 85 91
0 86 24
0 87 44
0 88 86
0 89 5
0 90 6
0 91 74
0 92 72
0 93 96
0 94 73
0 95 1
0 96 80
0 97 54
0 98 28
0 99 7
0 100 44
1 41 50
1 20 46
1 38 79
1 25 66
1 36 54
1 48 55
1 11 21
1 22 26
1 37 54
1 41 82
1 25 41
1 14 36
1 43 59
1 4 50
1 46 56
1 43 78
1 22 33
1 15 25
1 6 46
1 2 44
1 9 57
1 50 71
1 11 33
1 26 72
1 41 58
1 38 54
1 35 38
1 39 65
1 20 63
1 25 41
1 6 22
1 5 32
1 28 48
1 38 70
1 13 54
1 25 46
1 40 65
1 45 47
1 49 70
1 49 89
1 39 77
1 7 31
1 44 90
1 1 15
1 41 67
1 32 77
1 43 80
1 25 45
1 8 22
1 5 24
1 6 37
1 43 89
1 7 45
1 49 53
1 10 59
1 47 47
1 40 42
1 27 59
1 50 77
1 49 90
1 6 37
1 37 85
1 19 32
1 21 46
1 28 52
1 46 78
1 6 45
1 31 45
1 29 58
1 21 58
1 31 48
1 40 59
1 20 36
1 4 24
1 46 49
1 12 12
1 36 36
1 1 4
1 14 34
1 30 70
1 48 74
1 25 27
1 18 22
1 19 64
1 36 75
1 36 53
1 7 31
1 39 64
1 43 86
1 49 86
1 48 57
1 41 73
1 10 50
1 38 60
1 14 30
1 15 25
1 45 85
1 15 27
1 48 81
1 10 42
2 23 67
2 3 31
2 22 62
2 6 19
2 35 40
2 4 35
2 16 59
2 16 42
2 36 38
2 50 98
2 22 37
2 11 28
2 7 34
2 30 35
2 11 50
2 40 74
2 36 77
2 15 21
2 33 54
2 21 37
2 28 51
2 50 92
2 19 33
2 19 24
2 17 36
2 7 46
2 38 54
2 8 53
2 44 80
2 1 6
2 28 67
2 40 53
2 32 35
2 22 35
2 26 67
2 32 34
2 17 47
2 47 81
2 45 61
2 41 53
2 37 83
2 5 28
2 15 26
2 19 27
2 50 70
2 14 41
2 10 15
2 43 83
2 9 22
2 6 41
2 8 44
2 40 63
2 19 54
2 11 23
2 3 3
2 28 68
2 49 80
2 16 28
2 43 78
2 23 66
2 6 44
2 23 37
2 44 60
2 8 11
2 31 43
2 40 79
2 2 32
2 13 32
2 19 41
2 35 57
2 25 38
2 13 37
2 45 72
2 40 78
2 15 26
2 34 53
2 50 56
2 36 80
2 23 65
2 49 53
2 8 47
2 44 52
2 22 30
2 30 69
2 33 46
2 12 21
2 27 52
2 34 56
2 5 27
2 13 31
2 37 83
2 38 75
2 3 26
2 33 59
2 18 50
2 32 56
2 24 48
2 35 79
2 35 49
2 35 52
100 300 1
27 47 26 56 23 9 28 77 34 43 96 70 41 85 9 45 8 93 71 28 75 2 2 50 79 87 95 63 1 31 32 80 78 58 88 1 68 17 31 54 12 27 76 53 12 85 98 73 79 21 1 6 76 55 57 55 94 4 70 47 35 3 28 13 61 16 67 81 85 98 87 49 77 63 2 41 1 52 66 32 26 67 38 2 75 47 9 69 51 31 17 38 34 45 4 48 13 71 81 51
0 1 21
0 2 69
0 3 0
0 4 50
0 5 84
0 6 55
0 7 91
0 8 85
0 9 59
0 10 58
0 11 17
0 12 85
0 13 77
0 14 8
0 15 39
0 16 52
0 17 7
0 18 48
0 19 22
0 20 59
0 21 80
0 22 91
0 23 49
0 24 66
0 25 36
0 26 53
0 27 66
0 28 1
0 29 76
0 30 48
0 31 4
0 32 97
0 33 69
0 34 5
0 35 47
0 36 5
0 37 12
0 38 91
0 39 43
0 40 71
0 41 49
0 42 60
0 43 9
0 44 78
0 45 20
0 46 48
0 47 31
0 48 28
0 49 49
0 50 5
0 51 39
0 52 29
0 53 96
0 54 88
0 55 47
0 56 84
0 57 42
0 58 14
0 59 37
0 60 18
0 61 14
0 62 42
0 63 68
0 64 35
0 65 47
0 66 67
0 67 40
0 68 59
0 69 58
0 70 83
0 71 82
0 72 59
0 73 96
0 74 43
0 75 38
0 76 16
0 77 92
0 78 21
0 79 96
0 80 41
0 81 26
0 82 35
0 83 22
0 84 74
0 85 24
0 86 69
0 87 58
0 88 18
0 89 35
0 90 95
0 91 36
0 92 49
0 93 37
0 94 56
0 95 84
0 96 36
0 97 24
0 98 77
0 99 47
0 100 82
1 11 43
1 45 53
1 26 58
1 26 45
1 6 29
1 13 44
1 10 44
1 8 43
1 7 22
1 4 47
1 13 52
1 44 46
1 49 78
1 41 63
1 7 45
1 7 26
1 23 23
1 28 75
1 35 39
1 18 57
1 29 58
1 23 62
1 17 46
1 25 49
1 47 74
1 18 27
1 19 31
1 14 30
1 45 48
1 39 41
1 44 91
1 22 37
1 50 51
1 14 48
1 8 40
1 26 61
1 14 62
1 27 58
1 30 30
1 6 32
1 30 55
1 38 86
1 40 40
1 17 50
1 6 13
1 37 86
1 5 14
1 15 18
1 13 42
1 40 60
1 12 27
1 8 33
1 16 50
1 7 51
1 37 51
1 23 39
1 42 51
1 15 45
1 12 44
1 17 36
1 40 44
1 19 62
1 16 48
1 50 78
1 13 51
1 49 74
1 6 13
1 3 23
1 42 51
1 18 46
1 26 65
1 47 63
1 2 14
1 49 63
1 45 59
1 34 68
1 19 22
1 30 64
1 37 65
1 13 13
1 18 30
1 28 50
1 20 50
1 46 59
1 42 54
1 44 60
1 4 43
1 35 41
1 4 36
1 24 71
1 48 54
1 34 51
1 11 24
1 2 50
1 42 57
1 1 11
1 30 59
1 36 37
1 10 40
1 17 17
2 45 54
2 19 68
2 1 3
2 7 10
2 38 67
2 3 37
2 38 74
2 4 53
2 2 9
2 50 94
2 25 26
2 6 10
2 32 74
2 8 48
2 23 46
2 44 62
2 33 46
2 18 52
2 17 40
2 40 45
2 5 46
2 42 86
2 30 74
2 46 78
2 2 47
2 28 54
2 49 83
2 33 62
2 27 66
2 23 23
2 13 30
2 19 65
2 31 66
2 31 79
2 10 29
2 4 19
2 13 57
2 10 54
2 40 47
2 27 69
2 3 8
2 21 23
2 40 42
2 33 50
2 42 48
2 18 23
2 24 59
2 2 5
2 22 53
2 3 35
2 3 10
2 48 65
2 3 12
2 12 55
2 17 56
2 38 58
2 48 56
2 23 61
2 11 17
2 7 11
2 13 36
2 10 47
2 12 23
2 44 76
2 45 92
2 17 64
2 5 20
2 15 23
2 25 52
2 2 44
2 19 58
2 15 30
2 48 87
2 7 16
2 48 60
2 14 26
2 38 61
2 50 98
2 35 77
2 33 63
2 40 88
2 28 74
2 15 58
2 5 45
2 23 31
2 36 77
2 50 51
2 9 57
2 41 55
2 8 48
2 29 50
2 3 21
2 47 50
2 17 49
2 49 50
2 13 52
2 50 90
2 36 51
2 36 78
2 7 17
100 300 1
50 93 3 49 44 61 47 87 78 6 77 8 77 81 26 25 36 45 57 34 96 70 74 97 12 61 63 49 3 69 9 53 14 12 54 58 26 53 97 4 60 74 64 89 7 91 15 44 88 72 78 84 94 4 81 6 66 44 56 21 65 17 27 79 30 81 90 56 35 87 12 95 14 76 84 21 19 51 17 7 24 48 91 18 52 25 77 70 21 85 44 87 2 71 18 84 4 8 40 39
0 1 48
0 2 52
0 3 86
0 4 62
0 5 81
0 6 23
0 7 35
0 8 52
0 9 74
0 10 53
0 11 60
0 12 50
0 13 1
0 14 3
0 15 69
0 16 5
0 17 80
0 18 98
0 19 28
0 20 2
0 21 35
0 22 72
0 23 89
0 24 37
0 25 43
0 26 59
0 27 22
0 28 47
0 29 20
0 30 14
0 31 39
0 32 68
0 33 19
0 34 77
0 35 82
0 36 52
0 37 0
0 38 69
0 39 4
0 40 27
0 41 74
0 42 64
0 43 77
0 44 27
0 45 20
0 46 98
0 47 33
0 48 0
0 49 96
0 50 61
0 51 2
0 52 83
0 53 85
0 54 43
0 55 21
0 56 80
0 57 55
0 58 95
0 59 79
0 60 75
0 61 61
0 62 18
0 63 95
0 64 80
0 65 48
0 66 77
0 67 84
0 68 0
0 69 98
0 70 89
0 71 27
0 72 73
0 73 5
0 74 5
0 75 0
0 76 25
0 77 3
0 78 85
0 79 78
0 80 52
0 81 98
0 82 80
0 83 35
0 84 83
0 85 76
0 86 8
0 87 63
0 88 31
0 89 55
0 90 43
0 91 6
0 92 69
0 93 13
0 94 53
0 95 1
0 96 13
0 97 82
0 98 86
0 99 14
0 100 80
1 26 67
1 4 34
1 49 55
1 7 11
1 42 76
1 7 47
1 17 60
1 24 66
1 5 44
1 26 37
1 35 68
1 31 80
1 37 69
1 14 32
1 19 46
1 50 95
1 21 25
1 26 45
1 11 44
1 24 26
1 20 51
1 43 81
1 27 44
1 33 63
1 7 15
1 45 85
1 42 68
1 41 71
1 9 14
1 49 77
1 33 82
1 26 28
1 5 6
1 24 40
1 37 83
1 19 25
1 28 40
1 47 53
1 33 61
1 39 77
1 37 69
1 32 62
1 10 33
1 11 30
1 31 41
1 1 13
1 13 38
1 17 35
1 29 71
1 35 50
1 39 44
1 24 42
1 20 39
1 25 26
1 48 60
1 43 79
1 48 73
1 19 27
1 1 31
1 28 58
1 41 70
1 45 47
1 6 18
1 23 56
1 5 12
1 1 44
1 13 36
1 14 47
1 45 84
1 36 78
1 2 29
1 31 31
1 5 53
1 9 13
1 29 65
1 35 55
1 18 46
1 26 48
1 41 88
1 9 54
1 5 15
1 41 59
1 35 40
1 3 31
1 45 84
1 23 70
1 17 21
1 49 69
1 3 9
1 25 55
1 45 55
1 4 16
1 39 67
1 37 67
1 26 72
1 28 60
1 8 27
1 1 44
1 25 29
1 24 44
2 44 90
2 19 30
2 3 21
2 32 37
2 25 32
2 38 59
2 20 60
2 36 45
2 19 42
2 43 89
2 21 40
2 29 58
2 42 72
2 23 40
2 36 81
2 39 67
2 44 52
2 41 87
2 27 50
2 2 4
2 34 74
2 24 28
2 32 42
2 15 16
2 35 41
2 48 54
2 28 53
2 36 54
2 7 14
2 37 80
2 5 31
2 22 70
2 37 50
2 45 57
2 40 87
2 17 41
2 40 82
2 29 49
2 3 45
2 23 61
2 49 70
2 45 73
2 48 77
2 47 52
2 39 73
2 49 92
2 13 34
2 42 90
2 38 75
2 13 39
2 37 66
2 1 26
2 22 50
2 49 72
2 24 46
2 13 36
2 44 52
2 2 42
2 39 39
2 48 74
2 35 82
2 20 69
2 20 32
2 48 56
2 50 62
2 35 72
2 42 78
2 14 26
2 17 30
2 38 77
2 36 37
2 16 44
2 11 27
2 22 70
2 17 35
2 27 30
2 19 67
2 3 40
2 11 12
2 48 60
2 14 45
2 50 56
2 20 34
2 19 56
2 28 36
2 28 40
2 10 54
2 44 63
2 13 27
2 20 51
2 35 81
2 35 37
2 47 85
2 42 48
2 42 80
2 19 26
2 22 42
2 14 54
2 35 69
2 29 43
