695
36
3
976
102
632
605
523
827
915
646
367
461
346
11
577
188
865
866
262
81
712
921
686
409
596
821
505
180
751
724
227
138
727
202
591
710
158
113
537
425
110
903
237
456
266
813
643
482
31
256
562
742
528
599
503
123
419
7
302
521
83
880
658
161
433
248
870
943
713
758
367
822
661
955
277
278
120
271
759
150
878
672
891
405
623
745
527
41
752
181
914
186
60
571
346
845
171
215
787
235
973
505
408
985
459
37
614
578
307
372
727
537
395
970
941
17
714
820
410
465
1000
323
2
411
245
347
607
767
914
393
1
238
897
409
574
356
445
187
933
103
910
12
639
656
981
932
673
694
751
434
511
102
756
512
864
1000
211
471
119
124
863
119
713
112
879
286
467
675
824
751
778
733
114
768
388
94
699
412
140
801
845
2
902
600
865
766
952
75
588
70
550
802
540
262
913
419
899
731
93
722
482
222
806
947
342
194
41
392
605
532
193
802
533
446
401
397
563
704
824
150
125
725
952
17
987
864
787
237
595
231
959
428
453
116
374
146
309
766
537
266
649
729
67
533
175
819
282
89
875
105
239
351
829
542
367
167
405
153
404
351
384
714
130
188
181
856
333
490
973
869
107
622
950
525
154
476
343
435
564
569
891
802
920
720
343
286
238
100
439
993
802
174
58
932
361
239
787
693
80
759
913
186
732
862
710
886
337
404
672
901
973
563
54
244
634
397
529
871
848
319
216
649
492
273
580
852
863
718
896
942
829
809
479
560
670
540
445
7
944
469
259
268
31
312
863
16
60
391
238
907
62
453
908
553
78
839
405
940
909
652
234
737
460
712
296
130
252
93
488
547
561
746
166
943
409
28
958
469
770
195
727
831
1000
634
736
77
825
492
368
733
143
601
469
603
665
116
732
268
208
571
166
120
316
331
414
724
710
723
544
831
270
271
14
269
256
749
697
432
240
64
164
382
17
632
984
681
100
67
948
659
989
113
779
304
795
544
380
856
267
275
686
536
897
699
156
505
799
852
936
38
267
100
420
283
83
755
315
182
174
614
841
162
78
971
818
224
514
549
79
132
175
117
19
72
167
526
576
966
377
863
3
996
962
774
630
45
881
945
578
406
910
418
919
340
388
88
563
254
636
642
737
811
110
756
234
276
633
161
241
362
23
596
357
985
721
986
381
601
282
958
6
544
728
277
883
467
364
445
72
352
438
809
514
547
916
747
175
548
907
767
909
281
362
265
617
83
603
997
35
236
307
393
779
386
669
661
852
32
458
924
383
895
732
896
794
999
994
968
546
252
86
455
533
448
71
149
882
673
498
916
261
156
660
39
541
328
52
392
712
509
667
94
755
398
342
548
396
687
867
294
939
953
100
471
752
170
971
985
195
468
252
455
623
912
845
163
239
896
907
950
404
573
396
511
323
89
58
70
775
277
363
713
229
462
535
332
984
506
316
178
973
567
984
948
478
828
462
69
76
368
370
831
293
117
341
615
205
399
684
332
675
399
44
255
212
931
938
195
436
253
724
760
171
707
59
1
887
521
421
962
240
790
792
532
907
133
146
463
883
182
794
909
932
190
163
143
120
452
690
907
56
413
18
226
472
77
578
358
949
998
319
188
140
110
720
398
242
217
860
124
398
6
32
329
195
546
824
666
349
513
924
404
925
293
982
396
721
559
105
669
909
423
209
400
533
280
797
126
496
8
602
246
13
985
574
559
883
749
576
231
261
499
635
538
144
616
285
864
526
390
885
786
812
93
185
696
724
981
174
219
341
127
464
353
111
390
912
993
138
839
224
751
338
210
288
833
177
924
48
54
313
932
840
477
376
376
524
99
709
697
318
49
823
133
401
286
522
664
278
12
503
853
762
192
414
49
24
590
972
71
644
637
355
835
465
82
562
988
181
270
37
850
318
211
982
71
496
856
86
126
867
588
330
628
131
744
28
506
685
351
577
680
987
283
866
451
364
428
791
896
697
827
745
367
37
79
437
885
286
522
362
152
462
43
131
592
786
158
98
823
860
26
502
199
308
368
649
23
147
791
919
843
617
663
209
6
93
997
242
378
871
955
529
332
997
11
923
783
520
372
957
380
397
810
578
56
529
578
79
675
369
997
518
337
659
78
694
104
75
287
481
945
241
362
628
238
372
550
372
892
274
328
623
670
137
552
726
666
129
804
692
849
152
209
538
810
639
231
265
65
870
746
361
110
107
988
347
830
889
718
73
162
45
695
184
534
598
909
551
79
64
242
927
215
803
816
376
793
399
-1
