434
835499004
48
094
653222
977403
9615705
6935534
226760000
760131948
7463320
57199976
9628
009338
2776
01
3250
595477369
29434
129
179
997347
185782
4348
0197
37754695
88279
54339
92179
08953
40211089
267822
7189526
39
26820873
74
56856
999208
27478
2464
71078486
61982004
0169
476
1428
400449087
985201403
2299873
91653
2984758
5515778
004995
28
54783991
77462170
48270989
74491060
61
2846697
182129139
78437664
221940
08594698
498
8077704
605826888
87103913
52830807
2421499
697
585600
1357532
42514165
57738606
54
6209
7731573
09465244
7499065
4394283
14609
1959673
03692777
22
851285855
687183
350611
098
31
183568433
121226
53444837
332
35
61347691
342727
51719
885222
88511
0003067
391865
76187
29197
403
057
7521133
989960739
32026
51356213
341992
919646
574
77652789
1281644
46730
14519
51247
84
011294
68725577
911026
4143120
21353
5985352
269391
61375
099
42415
86
39752931
3531
70
604
1096150
3253
350
84
5743648
45165349
411666
937
4319
6590
57295
299230
182
07
810
32903
51
0040239
8119
591
61683
229
47957999
489410326
61
778291
8937896
0527531
55339940
4813
03031
4795
3206594
27
34
182414
46875276
403
6952
92326
662098754
31928
6842650
791249025
260916
68886164
9031100
26
488
34
46
345
514
512
6396611
55
5682640
74809
63607
63359665
301983853
27059
12611
0455
3319810
238789
59669
87
093660213
0482425
15331317
18
702080301
5224
68200743
9405
0852
7022
318734423
255888
4042029
494617
28984309
449549499
31155
4167
82900
52798
036987070
078
31712753
595964794
7596589
86690963
385356
4423
8433
003
847637590
48575
5989347
7279400
4809
888
384248856
0070719
6990673
536
015739537
371290509
01480
5523246
129658
080273884
05708
7323
99601799
094143
430758
567
108
9771172
33196722
8413201
78
76
8532604
5944
1815868
085153
518
6375345
5963
548
269364639
0016755
01917972
48201096
62
532
68
1512705
1283
65797
53475227
17742089
3526
754
2322187
31521690
3093
206064
019
526319824
5035
77109626
824053
07
685629
712
4917
3341245
7017
930717
0892
48275501
35881
0243395
02332
556594
463808
813969
989014
468136622
91
7145
602
983986
414215
010229
886238832
4184
44771
167
083499285
1555
91175432
330
1051
05
9977412
82095
59
7082343
975
24
240853937
251
498790046
5327781
2199604
291585
9461
07350550
61071043
05
3348955
617
53620686
951116
32367
76422
396845
639
3006
139
721418250
74
64
3518
34732
75024
30543049
095
4825790
965031257
081433
421
86889570
011634959
32
46
776292072
87894006
42
1465621
61
4338
205
9505623
862228
820401644
2144755
7121
70214411
53965701
53510
76
092484918
21075
30861
34446
35734004
95
296
6132
2851396
841326946
050
0124730
74125
3321
56435800
7249
6631668
807243
5314
59772
46142
071
39
107662
376763
301167221
48
224
562126
6423
52
73
33164
230
759413642
28458104
333859
04811
601967501
87588
380
293346
27895
0490293
7165130
6127
71055956
681783
46
533685866
33
65
15291
82887
2429958
366999416
895018
91098
4493371
00919
62
60
30
1404415
592
5148149
591789764
77
920093
879593
284736014
025
1540
60898
77483901
06227640
1016
353
53442
806
2952677
51554
81318674
3838857
8652229
0235
1684983
241282
39
35768178
019755796
250984909
91
50651355
842391379
2181771
2390
167312
7041
53
248577664
562484661
831545800
127976653
589
404065341
179079
843919692
620
701
7733095
9540046
30319
2505297
843303
5042664
38731920
928
167220745
976333
78
51
65114
257851
59711880
45413284
614
50020071
5216
2666
306626
733110
124325
701563141
732378
430
401745061
31189423
80225
245662264
29092045
547
947981693
41694454
66899
60910606
256040191
0765151
32999192
528
63977
08398
5540
6597508
20350635
02503023
799
857722
0022
72
196324
746275
679359599
03243746
390757
303
3165516
37
30593259
89
768
00494
71217
449
6480631
2261942
7801692
01767753
550977393
0999
919713
349016
7232249
714315434
45371315
19106
587906832
4089
4638
414067188
3571599
249948822
5200
622452
269196
805
148952
188104
49
918399
0679
3397
9265
4376
709112
44114
835196137
921689286
70691
324
12
6625952
75833951
207
994538352
101898
656601584
04
15370655
065
930748
245513156
9932751
32497583
77722
0745913
3395
78601190
73761493
12381
2095
778558689
882555160
935762
6368058
3961
509876
92693
7271464
458231
142741729
31
461189
25751435
6700197
613946
82300
4593
27578361
702
7348709
42876427
2179
6257759
66336158
0297931
350141
66833
326
5202014
034544996
37
96959
01
9891
92544
005715330
62157
37687478
8355767
1428079
3160084
446
3783050
18954
34149
7557
15
7330
25
96
163806
77884
693
20493816
8814
42
2528416
51866288
94900
9045510
554398
335401600
04626
38693
164
007810
66
0360
8691
84
6563
20
403536
027055284
972916
92
561213567
794411951
502
045
38706127
85
94438
702857906
42792
18948643
50618
806
85
8284675
668526
823421526
3413013
99094052
27
457911283
3857
7861951
13
4183840
3287225
225695
06037162
00084
6974698
718498
108
653472403
68985
466047906
299035580
064593
018
7540
39190
0953721
725
77637
1578171
8358
696188
777536219
139030755
0050866
573462
9831074
648835305
764524
19783874
04
619
17
737296852
244
1472416
79
80597
62213
1914151
97111298
83988
73706
570406
794675980
8161
6246518
23240
27
41
198116
253515
73378
11315
05146
34
408871
997842
21954214
8564
18
716889
903048
7992
13254728
595523323
4344824
45926
4393771
88802
3747083
39
94932
753032
834
36183555
060159742
81734
89
1304
356802530
45720230
24944
654
16
64996
28586
28
88804958
333271
353
428477
91849740
372407924
60716335
04
15957817
765183019
91128773
777048816
006659501
05
37316
63950909
3796754
71589
4013349
1246468
3432020
97
77
410745451
953
12
7661811
00078041
38
756
54817244
16
29222522
635
329
936517251
745564018
302969091
02387
50
9995
72
9596
9077
770795282
54263427
684190982
61753668
4392
38172
20863984
02
32398979
20
03831335
429
033389604
04512
109
04858
1450785
134739565
779991
15
7398
707750814
65220
07418590
57
67
574244251
266691
87974876
44212
06243
248625
38125291
6982403
05421783
7982410
579482291
33713485
54
131957274
4324
53
192
265
318939
40
324700254
28139441
0271
741101
337268514
529835359
968155297
030
5672940
81
26875
6337101
8841
36
3167115
6706
712261
747
418376007
909445
4103
5638
051792729
4131050
081613088
1993
02
590
4489
8505788
12790
017
775546511
92199
76154
71407436
13760431
6297390
7181
550746
062
4050587
261671873
0145
39741
87004053
977
55
648
49002410
367287
0519
9884
329274376
19804696
85836997
943362738
140460
08774644
033
12445284
77937590
089957
99532
461044882
531
805
234181
004341
137
975333848
6519
729819
54761
10
273728586
71
814024135
7550
823
2806667
2471
8743
689684381
34554530
065
38
4537
97875
1435
00467
910584993
462379165
711201469
5877
743678
524
38003016
39
195974611
68961687
25521569
192
87451
9357
4443435
90127917
01509182
97
605
60
