359
92 47
28 72
68 86
789 745
962 933
92 95
501 451
13 96
151 133
90 0
92 30
91 95
935 919
26 4
12 70
68 65
3 42
73 67
82 73
72 13
224 206
865 834
31 53
13 48
87 7
56 7
303 275
98 49
8 93
92 49
56 45
124 106
954 929
29 96
209 189
1 54
96 57
964 943
61 9
617 570
57 78
736 682
690 651
53 40
69 70
14 64
488 433
69 30
9 12
572 533
65 69
972 952
70 19
63 72
642 599
308 284
128 112
232 214
390 366
177 156
35 73
54 4
133 123
511 474
6 94
855 822
830 814
428 402
524 491
510 469
57 36
3 3
8 89
586 538
796 755
285 269
624 585
49 42
915 884
32 38
430 404
900 871
87 14
88 1
657 615
420 396
970 944
73 6
50 10
33 54
74 93
504 461
487 431
30 38
52 14
899 861
89 77
944 926
66 85
77 79
24 46
804 766
96 84
36 44
905 879
649 603
10 9
86 4
54 53
76 91
81 30
46 94
31 86
809 777
30 25
685 644
974 970
5 16
20 11
68 29
746 691
318 301
50 59
143 130
566 529
70 32
70 1
29 43
614 557
415 386
4 63
532 497
67 74
33 22
678 639
64 16
75 43
239 220
88 0
698 653
653 613
661 619
60 60
670 629
15 22
435 407
61 58
3 80
765 723
820 808
86 52
35 42
46 61
875 835
924 894
817 794
55 65
21 81
400 374
199 178
34 52
90 80
95 5
370 347
4 17
707 660
521 487
328 304
45 55
87 0
95 88
56 38
356 337
755 697
96 88
62 90
36 76
121 98
894 851
538 507
49 82
3 79
618 575
556 520
819 801
257 234
275 252
10 3
595 539
879 841
716 662
13 58
460 421
92 96
7 50
21 90
615 565
16 39
975 976
9 60
86 59
630 591
78 62
284 262
63 98
48 53
69 41
217 197
28 28
779 737
23 78
87 68
38 29
192 170
409 383
350 328
55 14
50 63
95 34
1 88
669 624
973 961
69 57
605 540
1 78
63 61
50 32
541 508
40 38
28 29
96 31
4 51
132 116
95 7
205 188
42 32
347 322
83 58
763 716
838 818
515 480
248 230
671 631
37 60
85 51
72 7
88 14
84 8
440 413
179 165
12 40
43 90
32 38
635 596
76 11
22 2
69 66
491 438
533 505
726 680
33 55
576 534
83 33
759 707
4 93
363 341
49 73
43 20
82 73
18 78
84 91
24 31
81 23
12 87
612 547
68 68
17 20
69 6
50 32
62 99
3 7
738 690
886 850
45 50
66 63
20 59
2 92
922 887
10 22
44 57
96 70
806 774
93 80
93 32
170 148
161 141
813 784
112 89
770 730
58 88
293 272
60 69
480 428
34 59
51 70
23 78
7 24
337 315
55 17
52 23
9 85
64 3
102 88
847 819
445 416
470 422
682 643
98 43
14 68
267 237
33 25
801 756
93 20
380 364
32 73
31 62
90 63
184 166
368 342
46 54
60 60
77 28
931 911
374 356
493 447
925 901
12 37
63 35
21 3
52 8
862 826
52 59
297 274
724 671
18 20
18 1
12 71
76 87
271 246
313 293
454 419
331 310
11 18
55 16
20 41
50 82
83 64
548 511
53 69
