10
41
67 100
91 27
51 52
74 45
33 72
51 75
63 44
77 96
94 55
40 34
49 100
93 67
54 3
3 56
65 29
80 95
22 31
35 70
67 24
95 8
83 99
42 98
45 97
51 19
4 38
90 42
8 4
6 82
89 61
89 8
55 53
36 20
90 76
99 70
29 56
6 45
94 63
59 47
17 91
80 62
3 72
69
11 75
80 2
91 71
12 40
94 95
30 31
72 21
71 51
80 79
84 67
13 42
53 83
51 3
82 14
68 23
49 51
4 78
1 81
72 94
41 64
94 17
37 70
73 18
96 59
25 52
45 80
14 37
91 49
62 64
38 73
75 30
59 87
19 78
24 59
22 90
6 64
85 68
85 42
100 57
60 32
63 76
13 57
5 76
92 55
27 67
48 29
67 53
31 6
17 85
74 6
21 90
9 31
72 5
14 45
77 23
99 73
81 39
67 63
17 86
4 58
38 96
48 51
8 57
93 30
35 76
66 19
49 7
64 26
71 73
77
47 95
45 1
82 37
3 59
28 67
70 12
2 23
22 72
79 58
50 52
38 7
24 20
69 97
60 49
19 41
87 36
88 65
54 84
94 69
87 56
68 21
95 8
79 69
78 69
72 10
16 79
99 61
57 39
39 67
59 16
3 58
74 97
80 91
11 27
83 26
98 50
57 2
22 93
13 88
97 99
77 84
44 64
54 75
93 1
68 92
49 51
48 71
13 23
1 79
4 75
24 35
36 54
46 33
20 57
7 10
93 68
31 36
10 88
88 84
27 3
5 8
30 76
50 4
35 94
68 2
37 38
43 44
76 72
81 88
49 47
14 39
74 41
29 44
79 36
90 68
75 5
32 94
4
33 98
32 97
17 35
71 21
60
94 64
3 87
33 74
13 4
44 98
41 38
73 24
92 71
27 62
56 18
74 59
43 5
88 22
38 77
99 60
75 49
87 93
18 30
33 71
68 30
20 28
52 60
30 92
54 95
12 9
19 61
17 37
59 61
38 4
15 48
49 88
80 42
71 87
58 98
79 55
82 77
37 98
90 85
31 18
26 95
55 95
31 44
57 71
26 41
41 46
33 92
33 89
75 13
62 55
9 84
61 40
90 43
79 97
66 31
25 10
4 44
87 31
53 86
27 95
40 78
67
73 69
54 7
33 37
98 8
69 17
29 89
78 11
41 77
42 8
84 50
5 85
24 14
66 91
69 18
58 95
16 35
93 82
18 69
76 77
93 15
55 44
6 73
49 33
92 99
48 43
27 76
41 5
95 2
20 59
53 63
49 29
10 20
88 93
69 79
45 16
11 14
86 99
83 69
67 87
29 75
2 66
70 7
61 42
52 16
30 32
60 57
76 78
22 21
51 64
31 91
56 95
93 41
61 93
31 76
2 27
93 59
18 3
96 62
30 30
61 48
56 59
89 72
44 31
46 10
52 94
88 76
69 59
32
29 52
82 59
60 56
100 93
62 14
10 13
42 91
51 9
64 1
89 74
17 94
92 98
2 10
49 67
35 60
11 80
39 16
71 45
37 50
64 22
34 50
40 25
33 76
76 42
15 48
93 16
65 83
92 84
3 66
26 92
71 37
4 88
61
74 84
72 11
26 95
81 21
12 50
34 56
83 5
19 81
73 98
62 53
44 9
11 80
57 35
58 99
3 96
80 70
32 28
75 51
24 57
6 55
10 35
40 91
71 44
41 10
63 96
56 54
33 58
45 66
16 89
85 54
23 18
98 16
66 55
11 72
26 41
76 69
59 35
78 67
28 82
29 70
23 42
100 84
1 8
48 96
49 16
86 84
99 71
77 83
54 17
57 88
8 79
65 84
50 18
51 94
15 30
71 79
14 89
96 22
17 14
82 96
79 17
67
78 40
16 1
6 94
2 55
62 84
100 86
87 32
82 45
59 16
39 13
26 47
95 60
29 92
73 90
68 97
36 91
43 97
90 52
6 48
83 92
29 20
51 82
78 15
83 84
48 36
34 21
32 74
17 28
69 12
9 41
83 89
85 44
95 25
72 75
18 53
72 54
87 98
64 74
9 64
51 46
18 57
82 36
16 2
13 98
38 84
72 73
17 72
96 57
83 63
67 19
72 52
49 90
63 10
25 12
10 24
80 27
62 79
80 13
62 77
61 45
69 51
22 84
92 37
52 17
35 74
77 18
8 58
25
22 19
43 89
50 45
76 21
82 28
60 88
49 11
23 56
76 99
20 6
98 13
64 88
22 23
100 81
88 31
49 24
64 62
6 43
15 65
45 34
21 97
7 56
11 22
72 29
86 38
