1000 200
126 139 99 174 32 39 82 155 118 4 119 167 161 85 98 108 166 63 177 58 69 82 11 10 3 181 189 194 62 87 101 187 25 199 112 8 38 193 163 107 148 33 73 60 117 171 168 82 185 144 92 5 178 54 166 180 34 155 174 95 193 26 33 17 25 144 176 14 88 138 72 35 123 96 95 39 18 14 73 3 109 116 159 86 169 125 66 2 31 191 49 23 16 81 191 192 177 166 157 16 56 28 3 130 124 97 120 141 62 192 95 170 59 54 56 27 130 73 181 160 63 29 182 30 61 124 174 189 41 130 5 96 110 7 177 185 55 97 125 116 40 172 85 99 177 140 77 106 12 57 65 26 37 198 8 50 121 181 38 113 62 42 161 171 200 137 155 54 33 32 121 73 155 6 171 131 97 47 36 61 56 52 38 92 49 45 93 121 177 131 33 191 124 193 161 76 130 68 129 114 51 50 186 5 7 156 135 103 155 122 115 10 173 153 53 173 197 146 93 126 28 77 116 103 22 28 178 103 47 59 16 97 60 154 101 18 109 187 72 15 108 187 24 32 139 29 4 87 126 48 12 153 77 79 7 98 59 137 152 105 147 119 2 6 72 54 175 133 193 46 147 52 32 123 84 122 151 39 9 76 87 172 180 163 3 138 12 61 74 115 165 20 33 118 177 105 172 151 189 164 197 135 15 180 9 50 102 159 89 110 186 175 33 117 89 35 55 52 95 80 166 12 100 150 129 76 6 100 179 194 15 175 81 182 154 89 31 7 200 119 116 185 45 149 54 85 135 108 136 30 139 53 41 38 155 121 66 160 21 44 106 187 170 186 168 75 26 151 82 25 69 149 162 66 49 15 150 184 74 38 165 12 42 157 50 196 77 67 108 49 62 13 36 183 150 155 57 175 105 90 200 126 191 161 191 39 127 92 22 200 129 138 11 123 94 12 118 123 78 25 171 139 189 158 73 138 65 130 65 169 171 64 46 161 176 188 200 102 80 173 101 160 63 63 82 108 75 152 30 104 128 153 43 117 62 115 6 126 196 70 47 119 133 92 79 60 80 30 113 111 155 165 70 17 28 104 124 102 55 106 5 182 10 199 50 71 66 56 149 13 125 195 131 10 38 162 69 69 143 182 179 97 98 1 113 125 104 189 178 110 46 135 43 55 85 93 125 102 148 73 115 72 19 197 81 9 110 102 77 53 83 8 149 132 8 14 57 63 154 186 124 199 120 166 53 157 58 129 58 157 2 124 29 172 121 109 180 30 10 9 82 44 16 183 176 175 196 184 189 149 121 64 147 41 29 151 149 39 79 6 195 80 130 175 4 50 84 135 31 45 143 65 41 110 47 168 84 42 103 24 142 23 87 88 15 68 38 163 106 116 169 52 148 50 27 103 51 62 37 81 106 180 145 98 41 143 17 125 184 119 100 125 142 139 164 108 6 153 71 63 21 191 114 120 40 92 22 90 153 58 122 11 189 19 60 30 161 77 106 97 195 5 173 88 143 89 196 100 41 66 162 61 56 28 180 47 119 153 88 72 11 9 34 151 179 93 180 140 169 37 188 116 194 112 3 88 200 198 188 193 15 101 5 22 128 185 68 47 89 155 70 51 116 55 2 94 147 133 185 68 170 124 183 163 36 185 2 35 135 189 27 149 90 32 171 169 168 190 167 56 97 188 107 12 42 60 57 141 192 194 8 113 117 190 27 152 126 29 187 60 169 165 9 10 196 179 179 115 120 145 123 16 133 29 179 174 40 36 66 31 29 73 96 97 14 122 49 140 102 187 199 71 151 7 32 99 137 10 13 57 155 135 24 39 115 3 164 154 190 30 137 18 102 184 114 68 57 114 7 159 100 5 181 51 164 12 101 100 174 113 108 80 200 132 118 66 134 33 20 123 62 108 92 116 91 157 183 147 71 189 57 122 145 189 124 108 153 24 8 126 89 67 5 40 198 122 105 83 154 76 157 168 183 48 35 25 157 17 172 179 157 180 100 101 169 176 9 121 199 168 46 39 34 2 78 184 75 183 66 28 58 23 147 193 22 181 17 130 149 140 108 105 72 160 158 40 135 166 112 133 85 109 172 70 110 1 53 184 183 71 163 193 45 110 185 18 42 153 148 191 93 55 47 164 166 4 155 100 121 66 185 5 126 108 75 35 108 79 18 43 149 132 35 193 193 171 11 35 123 110 177 167 116 23 82 82 179 36 181 99 53 117 56 178 24 82 12 84 112 181 126 61 65 112 5 57 82 167 43 4 
376 546
23 414
246 649
425 748
140 344
274 317
74 154
22 518
62 546
280 553
18 274
386 467
168 309
90 490
109 441
157 492
355 533
79 178
82 84
423 495
60 108
117 249
129 266
481 523
474 734
316 806
369 421
424 460
194 207
437 590
198 642
490 541
123 542
152 356
423 848
277 758
474 718
466 920
234 679
497 704
58 221
198 624
216 337
315 575
487 589
415 598
48 303
235 404
175 560
226 674
164 518
282 770
99 345
443 627
193 631
392 493
454 894
28 196
414 607
430 829
149 344
83 278
451 620
217 693
407 701
426 495
149 355
59 157
454 806
283 780
144 169
451 547
319 649
118 349
24 422
484 655
94 511
219 614
87 374
372 865
82 378
415 496
356 680
32 192
178 344
10 330
192 651
269 278
290 675
94 259
284 360
189 417
494 901
124 204
47 542
426 553
144 335
61 559
17 108
159 352
258 425
366 667
480 965
163 431
372 627
434 440
184 306
236 413
382 592
110 537
206 592
407 608
78 544
52 145
410 472
139 158
230 585
321 381
342 676
330 394
91 205
423 696
89 246
303 624
221 484
249 526
150 156
479 706
473 503
173 407
93 256
254 427
19 444
235 446
260 675
128 329
382 432
328 798
60 189
292 571
394 786
58 452
399 786
474 697
270 416
310 671
310 372
388 567
488 961
244 342
389 611
301 422
125 252
92 276
109 344
316 317
480 704
397 774
465 834
453 686
368 629
96 124
324 658
61 223
308 463
114 309
378 791
317 319
393 653
39 39
348 553
355 681
431 533
56 450
324 332
480 671
270 344
72 517
409 540
460 675
287 359
263 279
338 769
19 100
44 100
435 825
114 402
69 112
391 514
290 355
132 401
109 362
196 376
51 507
164 173
24 326
435 573
319 442
422 758
206 670
